1 8
2 12
3 18
4 20
5 27
6 50
7 52
8 68
9 98
10 116
11 125
12 135
13 148
14 164
15 171
16 212
17 242
18 244
19 273
20 292
21 297
22 333
23 338
24 343
25 356
26 388
27 399
28 404
29 436
30 452
31 459
32 548
33 578
34 596
35 621
36 628
37 651
38 657
39 692
40 722
41 724
42 741
43 772
44 777
45 783
46 788
47 825
48 855
49 875
50 916
51 932
52 964
53 981
54 1028
55 1058
56 1076
57 1107
58 1108
59 1124
60 1143
61 1172
62 1209
63 1252
64 1268
65 1269
66 1281
67 1331
68 1348
69 1365
70 1396
71 1407
72 1412
73 1431
74 1443
75 1467
76 1492
77 1533
78 1556
79 1588
80 1593
81 1604
82 1625
83 1629
84 1636
85 1659
86 1665
87 1677
88 1682
89 1684
90 1715
91 1732
92 1767
93 1791
94 1796
95 1828
96 1844
97 1881
98 1917
99 1922
100 1995
101 2036
102 2037
103 2084
104 2109
105 2125
106 2163
107 2164
108 2197
109 2228
110 2241
111 2276
112 2289
113 2295
114 2308
115 2372
116 2375
117 2379
118 2403
119 2404
120 2439
121 2451
122 2452
123 2468
124 2525
125 2564
126 2612
127 2613
128 2644
129 2692
130 2708
131 2727
132 2738
133 2763
134 2804
135 2836
136 2847
137 2875
138 2889
139 2907
140 2919
141 2932
142 3003
143 3028
144 3044
145 3051
146 3075
147 3076
148 3092
149 3105
150 3171
151 3188
152 3236
153 3284
154 3285
155 3297
156 3316
157 3362
158 3411
159 3412
160 3423
161 3428
162 3441
163 3477
164 3508
165 3524
166 3537
167 3573
168 3625
169 3663
170 3698
171 3699
172 3705
173 3716
174 3748
175 3764
176 3773
177 3775
178 3783
179 3801
180 3812
181 3819
182 3885
183 3897
184 3908
185 3915
186 3933
187 3988
188 3999
189 4017
190 4023
191 4036
192 4052
193 4053
194 4084
195 4132
196 4161
197 4179
198 4196
199 4244
200 4251
201 4276
202 4372
203 4383
204 4388
205 4389
206 4418
207 4436
208 4459
209 4468
210 4503
211 4509
212 4516
213 4612
214 4625
215 4641
216 4671
217 4683
218 4707
219 4724
220 4772
221 4773
222 4804
223 4809
224 4833
225 4852
226 4868
227 4869
228 4905
229 4913
230 4916
231 4948
232 4953
233 4959
234 4996
235 5049
236 5061
237 5108
238 5156
239 5157
240 5188
241 5193
242 5204
243 5284
244 5319
245 5325
246 5375
247 5421
248 5444
249 5492
250 5517
251 5524
252 5529
253 5618
254 5636
255 5661
256 5673
257 5679
258 5691
259 5715
260 5716
261 5732
262 5812
263 5817
264 5831
265 5871
266 5875
267 5889
268 5924
269 5943
270 5956
271 5972
272 6129
273 6196
274 6212
275 6213
276 6231
277 6275
278 6279
279 6291
280 6345
281 6357
282 6388
283 6404
284 6436
285 6447
286 6452
287 6453
288 6484
289 6548
290 6573
291 6625
292 6628
293 6651
294 6676
295 6771
296 6772
297 6777
298 6783
299 6788
300 6789
301 6813
302 6836
303 6859
304 6884
305 6932
306 6939
307 6951
308 6962
309 6964
310 7011
311 7012
312 7035
313 7059
314 7101
315 7108
316 7155
317 7156
318 7161
319 7204
320 7215
321 7227
322 7239
323 7263
324 7299
325 7329
326 7335
327 7347
328 7375
329 7437
330 7442
331 7444
332 7461
333 7492
334 7508
335 7527
336 7556
337 7587
338 7604
339 7652
340 7659
341 7665
342 7707
343 7732
344 7761
345 7796
346 7833
347 7869
348 7889
349 7892
350 7911
351 7923
352 7947
353 7965
354 7972
355 7988
356 8037
357 8068
358 8103
359 8116
360 8151
361 8212
362 8229
363 8271
364 8276
365 8295
366 8324
367 8337
368 8349
369 8356
370 8375
371 8385
372 8397
373 8433
374 8452
375 8516
376 8547
377 8548
378 8559
379 8564
380 8589
381 8607
382 8612
383 8613
384 8643
385 8644
386 8697
387 8769
388 8852
389 8884
390 8919
391 8931
392 8948
393 8949
394 8955
395 8978
396 9021
397 9063
398 9076
399 9081
400 9092
401 9093
402 9124
403 9125
404 9172
405 9177
406 9188
407 9219
408 9236
409 9291
410 9332
411 9364
412 9369
413 9399
414 9417
415 9428
416 9508
417 9524
418 9531
419 9556
420 9567
421 9572
422 9579
423 9597
424 9653
425 9657
426 9668
427 9693
428 9748
429 9764
430 9825
431 9875
432 9892
433 9908
434 10025
435 10053
436 10082
437 10084
438 10089
439 10137
440 10185
441 10191
442 10196
443 10227
444 10228
445 10317
446 10341
447 10372
448 10375
449 10377
450 10436
451 10468
452 10479
453 10484
454 10503
455 10532
456 10539
457 10545
458 10557
459 10569
460 10628
461 10633
462 10658
463 10708
464 10756
465 10767
466 10772
467 10791
468 10803
469 10815
470 10827
471 10852
472 10916
473 10964
474 10983
475 10985
476 10996
477 11001
478 11012
479 11037
480 11067
481 11108
482 11125
483 11156
484 11169
485 11188
486 11193
487 11204
488 11205
489 11313
490 11332
491 11343
492 11348
493 11361
494 11375
495 11428
496 11433
497 11444
498 11445
499 11511
500 11588
501 11636
502 11637
503 11668
504 11673
505 11811
506 11812
507 11828
508 11876
509 11961
510 11973
511 11991
512 12004
513 12015
514 12027
515 12099
516 12117
517 12123
518 12125
519 12141
520 12148
521 12164
522 12167
523 12177
524 12196
525 12244
526 12255
527 12261
528 12356
529 12436
530 12447
531 12482
532 12484
533 12513
534 12548
535 12573
536 12597
537 12609
538 12615
539 12621
540 12676
541 12691
542 12711
543 12724
544 12747
545 12807
546 12831
547 12836
548 12868
549 12873
550 12875
551 12884
552 12909
553 12916
554 12927
555 12933
556 12999
557 13012
558 13028
559 13065
560 13131
561 13143
562 13204
563 13209
564 13252
565 13257
566 13287
567 13299
568 13311
569 13316
570 13359
571 13375
572 13444
573 13492
574 13503
575 13556
576 13581
577 13611
578 13625
579 13652
580 13653
581 13732
582 13737
583 13743
584 13778
585 13779
586 13796
587 13815
588 13828
589 13844
590 13876
591 13881
592 13941
593 13959
594 14025
595 14043
596 14061
597 14063
598 14067
599 14068
600 14091
601 14097
602 14103
603 14116
604 14125
605 14132
606 14164
607 14193
608 14228
609 14235
610 14313
611 14324
612 14325
613 14372
614 14445
615 14452
616 14457
617 14468
618 14511
619 14535
620 14547
621 14548
622 14589
623 14595
624 14601
625 14673
626 14692
627 14708
628 14781
629 14788
630 14804
631 14836
632 14875
633 14889
634 14913
635 14932
636 14973
637 15025
638 15039
639 15044
640 15076
641 15111
642 15159
643 15172
644 15188
645 15201
646 15219
647 15237
648 15255
649 15267
650 15284
651 15332
652 15363
653 15393
654 15412
655 15429
656 15447
657 15483
658 15508
659 15519
660 15524
661 15556
662 15651
663 15668
664 15716
665 15723
666 15741
667 15771
668 15789
669 15842
670 15849
671 15873
672 15875
673 15879
674 15951
675 15956
676 16004
677 16011
678 16047
679 16052
680 16084
681 16107
682 16121
683 16131
684 16137
685 16149
686 16173
687 16196
688 16209
689 16228
690 16292
691 16359
692 16372
693 16383
694 16419
695 16485
696 16516
697 16527
698 16532
699 16612
700 16625
701 16628
702 16659
703 16677
704 16708
705 16761
706 16804
707 16833
708 16857
709 16863
710 16868
711 16887
712 16916
713 16964
714 17012
715 17031
716 17043
717 17044
718 17055
719 17092
720 17115
721 17121
722 17125
723 17156
724 17188
725 17271
726 17283
727 17301
728 17303
729 17307
730 17348
731 17375
732 17396
733 17409
734 17427
735 17428
736 17469
737 17492
738 17499
739 17523
740 17525
741 17588
742 17631
743 17636
744 17649
745 17675
746 17684
747 17751
748 17764
749 17793
750 17823
751 17828
752 17841
753 17865
754 17871
755 17913
756 17919
757 17924
758 17931
759 17949
760 17972
761 17991
762 18009
763 18039
764 18052
765 18057
766 18068
767 18093
768 18153
769 18179
770 18196
771 18244
772 18249
773 18279
774 18297
775 18388
776 18417
777 18441
778 18447
779 18477
780 18484
781 18495
782 18507
783 18548
784 18596
785 18625
786 18628
787 18692
788 18753
789 18775
790 18801
791 18818
792 18819
793 18849
794 18867
795 18884
796 18915
797 18916
798 18927
799 18932
800 18993
801 19047
802 19053
803 19095
804 19156
805 19172
806 19204
807 19209
808 19252
809 19268
810 19287
811 19299
812 19323
813 19413
814 19431
815 19437
816 19444
817 19449
818 19461
819 19479
820 19485
821 19497
822 19508
823 19556
824 19611
825 19623
826 19625
827 19636
828 19647
829 19665
830 19677
831 19732
832 19748
833 19828
834 19876
835 19892
836 19893
837 19947
838 19972
839 20036
840 20061
841 20084
842 20085
843 20091
844 20115
845 20125
846 20237
847 20253
848 20259
849 20265
850 20308
851 20324
852 20375
853 20397
854 20402
855 20404
856 20421
857 20452
858 20547
859 20553
860 20583
861 20612
862 20703
863 20739
864 20756
865 20788
866 20805
867 20811
868 20836
869 20871
870 20875
871 20895
872 20919
873 20923
874 20932
875 20937
876 20948
877 21027
878 21044
879 21069
880 21075
881 21087
882 21092
883 21099
884 21124
885 21147
886 21188
887 21218
888 21236
889 21243
890 21255
891 21261
892 21297
893 21332
894 21393
895 21423
896 21441
897 21489
898 21519
899 21524
900 21572
901 21573
902 21603
903 21625
904 21652
905 21668
906 21693
907 21748
908 21764
909 21777
910 21796
911 21819
912 21843
913 21908
914 21909
915 21915
916 22004
917 22084
918 22089
919 22167
920 22203
921 22228
922 22269
923 22276
924 22292
925 22295
926 22323
927 22324
928 22329
929 22375
930 22401
931 22407
932 22413
933 22449
934 22503
935 22515
936 22527
937 22545
938 22557
939 22563
940 22564
941 22612
942 22627
943 22628
944 22629
945 22653
946 22659
947 22676
948 22689
949 22756
950 22772
951 22804
952 22827
953 22851
954 22868
955 22898
956 22948
957 22964
958 22981
959 22989
960 22996
961 23013
962 23139
963 23199
964 23204
965 23205
966 23241
967 23252
968 23284
969 23301
970 23313
971 23325
972 23337
973 23349
974 23355
975 23396
976 23415
977 23421
978 23427
979 23428
980 23439
981 23444
982 23457
983 23476
984 23524
985 23535
986 23541
987 23583
988 23588
989 23643
990 23673
991 23709
992 23762
993 23787
994 23793
995 23812
996 23823
997 23865
998 23871
999 23907
1000 23919
1001 23924
1002 23925
1003 23949
1004 23997
1005 24045
1006 24059
1007 24116
1008 24125
1009 24141
1010 24147
1011 24148
1012 24165
1013 24167
1014 24212
1015 24213
1016 24292
1017 24297
1018 24327
1019 24356
1020 24389
1021 24404
1022 24411
1023 24452
1024 24471
1025 24484
1026 24531
1027 24532
1028 24565
1029 24591
1030 24597
1031 24609
1032 24625
1033 24651
1034 24681
1035 24692
1036 24765
1037 24788
1038 24795
1039 24868
1040 24875
1041 24884
1042 24897
1043 24916
1044 24939
1045 25023
1046 25028
1047 25039
1048 25076
1049 25077
1050 25083
1051 25108
1052 25119
1053 25179
1054 25203
1055 25204
1056 25221
1057 25268
1058 25316
1059 25348
1060 25407
1061 25412
1062 25419
1063 25437
1064 25444
1065 25461
1066 25473
1067 25479
1068 25492
1069 25527
1070 25538
1071 25556
1072 25569
1073 25588
1074 25671
1075 25684
1076 25731
1077 25761
1078 25779
1079 25796
1080 25833
1081 25851
1082 25876
1083 25892
1084 25924
1085 25965
1086 25977
1087 26061
1088 26084
1089 26116
1090 26169
1091 26212
1092 26217
1093 26229
1094 26247
1095 26253
1096 26275
1097 26276
1098 26289
1099 26308
1100 26319
1101 26324
1102 26379
1103 26391
1104 26425
1105 26541
1106 26548
1107 26577
1108 26595
1109 26612
1110 26644
1111 26691
1112 26692
1113 26739
1114 26751
1115 26756
1116 26804
1117 26829
1118 26836
1119 26859
1120 26932
1121 26937
1122 26948
1123 26949
1124 26961
1125 27044
1126 27081
1127 27097
1128 27105
1129 27111
1130 27124
1131 27172
1132 27219
1133 27237
1134 27316
1135 27332
1136 27351
1137 27364
1138 27428
1139 27476
1140 27513
1141 27549
1142 27573
1143 27585
1144 27625
1145 27633
1146 27639
1147 27645
1148 27651
1149 27668
1150 27693
1151 27711
1152 27741
1153 27759
1154 27796
1155 27807
1156 27813
1157 27837
1158 27844
1159 27867
1160 27875
1161 27908
1162 27939
1163 27988
1164 28004
1165 28052
1166 28203
1167 28228
1168 28276
1169 28305
1170 28323
1171 28353
1172 28375
1173 28436
1174 28443
1175 28449
1176 28469
1177 28484
1178 28509
1179 28516
1180 28521
1181 28551
1182 28557
1183 28587
1184 28625
1185 28647
1186 28683
1187 28708
1188 28731
1189 28767
1190 28772
1191 28775
1192 28821
1193 28852
1194 28916
1195 28948
1196 29001
1197 29012
1198 29085
1199 29109
1200 29125
1201 29155
1202 29188
1203 29211
1204 29236
1205 29284
1206 29289
1207 29331
1208 29332
1209 29355
1210 29379
1211 29396
1212 29457
1213 29463
1214 29476
1215 29523
1216 29541
1217 29572
1218 29583
1219 29619
1220 29637
1221 29668
1222 29715
1223 29732
1224 29781
1225 29791
1226 29811
1227 29817
1228 29828
1229 29829
1230 29875
1231 29883
1232 29908
1233 29924
1234 29943
1235 29956
1236 29973
1237 29979
1238 29991
1239 29997
1240 30025
1241 30039
1242 30068
1243 30081
1244 30099
1245 30116
1246 30148
1247 30164
1248 30196
1249 30244
1250 30292
1251 30308
1252 30351
1253 30356
1254 30381
1255 30387
1256 30393
1257 30441
1258 30447
1259 30484
1260 30513
1261 30527
1262 30596
1263 30597
1264 30609
1265 30639
1266 30645
1267 30676
1268 30692
1269 30693
1270 30724
1271 30747
1272 30783
1273 30837
1274 30868
1275 30875
1276 30879
1277 30964
1278 31012
1279 31028
1280 31065
1281 31077
1282 31089
1283 31113
1284 31143
1285 31156
1286 31172
1287 31179
1288 31268
1289 31269
1290 31316
1291 31317
1292 31341
1293 31364
1294 31395
1295 31401
1296 31412
1297 31413
1298 31455
1299 31492
1300 31508
1301 31557
1302 31599
1303 31604
1304 31629
1305 31719
1306 31732
1307 31748
1308 31761
1309 31779
1310 31785
1311 31796
1312 31857
1313 31887
1314 31923
1315 31972
1316 31977
1317 32036
1318 32049
1319 32068
1320 32097
1321 32103
1322 32109
1323 32125
1324 32151
1325 32211
1326 32212
1327 32235
1328 32247
1329 32258
1330 32265
1331 32276
1332 32307
1333 32324
1334 32325
1335 32331
1336 32356
1337 32361
1338 32372
1339 32375
1340 32403
1341 32404
1342 32457
1343 32468
1344 32525
1345 32529
1346 32589
1347 32644
1348 32733
1349 32763
1350 32825
1351 32836
1352 32859
1353 32865
1354 32875
1355 32884
1356 32889
1357 32907
1358 32913
1359 32932
1360 32943
1361 32948
1362 33021
1363 33057
1364 33069
1365 33076
1366 33092
1367 33117
1368 33123
1369 33147
1370 33159
1371 33172
1372 33183
1373 33188
1374 33189
1375 33219
1376 33255
1377 33267
1378 33268
1379 33271
1380 33316
1381 33381
1382 33412
1383 33476
1384 33508
1385 33543
1386 33556
1387 33561
1388 33625
1389 33633
1390 33681
1391 33687
1392 33716
1393 33741
1394 33789
1395 33844
1396 33915
1397 33993
1398 34004
1399 34041
1400 34052
1401 34065
1402 34077
1403 34084
1404 34131
1405 34148
1406 34167
1407 34203
1408 34257
1409 34292
1410 34322
1411 34324
1412 34383
1413 34388
1414 34391
1415 34436
1416 34437
1417 34479
1418 34503
1419 34516
1420 34564
1421 34575
1422 34599
1423 34625
1424 34629
1425 34641
1426 34643
1427 34676
1428 34677
1429 34695
1430 34708
1431 34724
1432 34743
1433 34756
1434 34772
1435 34797
1436 34803
1437 34821
1438 34827
1439 34852
1440 34881
1441 34923
1442 34941
1443 34948
1444 34959
1445 34964
1446 35001
1447 35012
1448 35044
1449 35049
1450 35061
1451 35127
1452 35163
1453 35247
1454 35259
1455 35283
1456 35284
1457 35289
1458 35319
1459 35329
1460 35348
1461 35373
1462 35375
1463 35396
1464 35444
1465 35487
1466 35505
1467 35511
1468 35553
1469 35572
1470 35613
1471 35631
1472 35679
1473 35697
1474 35716
1475 35732
1476 35733
1477 35764
1478 35787
1479 35841
1480 35853
1481 35876
1482 35931
1483 35967
1484 36004
1485 36052
1486 36116
1487 36164
1488 36195
1489 36196
1490 36267
1491 36275
1492 36315
1493 36381
1494 36417
1495 36436
1496 36459
1497 36507
1498 36519
1499 36532
1500 36548
1501 36561
1502 36625
1503 36628
1504 36639
1505 36644
1506 36645
1507 36651
1508 36687
1509 36692
1510 36701
1511 36724
1512 36741
1513 36747
1514 36801
1515 36813
1516 36825
1517 36836
1518 36884
1519 36909
1520 36921
1521 36939
1522 36957
1523 36964
1524 37028
1525 37071
1526 37108
1527 37124
1528 37172
1529 37185
1530 37209
1531 37305
1532 37317
1533 37348
1534 37349
1535 37364
1536 37375
1537 37387
1538 37396
1539 37401
1540 37407
1541 37431
1542 37443
1543 37467
1544 37508
1545 37521
1546 37538
1547 37569
1548 37588
1549 37593
1550 37629
1551 37635
1552 37652
1553 37653
1554 37677
1555 37684
1556 37713
1557 37732
1558 37748
1559 37821
1560 37844
1561 37851
1562 37892
1563 37988
1564 38037
1565 38043
1566 38079
1567 38084
1568 38097
1569 38132
1570 38157
1571 38247
1572 38295
1573 38361
1574 38375
1575 38404
1576 38409
1577 38451
1578 38452
1579 38516
1580 38529
1581 38535
1582 38571
1583 38596
1584 38599
1585 38613
1586 38631
1587 38642
1588 38644
1589 38649
1590 38691
1591 38708
1592 38739
1593 38756
1594 38763
1595 38775
1596 38788
1597 38793
1598 38805
1599 38817
1600 38853
1601 38883
1602 38884
1603 38907
1604 38913
1605 38932
1606 38996
1607 39051
1608 39075
1609 39076
1610 39081
1611 39124
1612 39125
1613 39153
1614 39165
1615 39177
1616 39207
1617 39213
1618 39243
1619 39268
1620 39316
1621 39332
1622 39333
1623 39351
1624 39387
1625 39428
1626 39445
1627 39459
1628 39555
1629 39603
1630 39604
1631 39615
1632 39625
1633 39639
1634 39716
1635 39735
1636 39764
1637 39796
1638 39819
1639 39843
1640 39892
1641 39987
1642 39999
1643 40023
1644 40025
1645 40036
1646 40148
1647 40149
1648 40185
1649 40221
1650 40244
1651 40269
1652 40276
1653 40287
1654 40299
1655 40311
1656 40347
1657 40372
1658 40375
1659 40377
1660 40413
1661 40443
1662 40449
1663 40473
1664 40515
1665 40521
1666 40532
1667 40564
1668 40641
1669 40671
1670 40676
1671 40677
1672 40689
1673 40708
1674 40724
1675 40737
1676 40772
1677 40797
1678 40809
1679 40827
1680 40851
1681 40869
1682 40971
1683 40989
1684 41012
1685 41092
1686 41121
1687 41125
1688 41156
1689 41181
1690 41193
1691 41204
1692 41252
1693 41261
1694 41284
1695 41319
1696 41332
1697 41348
1698 41355
1699 41403
1700 41428
1701 41439
1702 41457
1703 41463
1704 41476
1705 41499
1706 41529
1707 41613
1708 41667
1709 41685
1710 41691
1711 41716
1712 41727
1713 41732
1714 41743
1715 41781
1716 41811
1717 41812
1718 41828
1719 41847
1720 41853
1721 41907
1722 41908
1723 41931
1724 41967
1725 41979
1726 42004
1727 42052
1728 42069
1729 42093
1730 42116
1731 42123
1732 42125
1733 42165
1734 42231
1735 42267
1736 42356
1737 42388
1738 42393
1739 42404
1740 42411
1741 42417
1742 42452
1743 42501
1744 42543
1745 42609
1746 42628
1747 42693
1748 42699
1749 42741
1750 42795
1751 42807
1752 42836
1753 42867
1754 42897
1755 42916
1756 42921
1757 42925
1758 42932
1759 42945
1760 42951
1761 43012
1762 43059
1763 43101
1764 43113
1765 43124
1766 43149
1767 43156
1768 43215
1769 43227
1770 43267
1771 43348
1772 43375
1773 43389
1774 43412
1775 43444
1776 43473
1777 43485
1778 43551
1779 43556
1780 43563
1781 43581
1782 43623
1783 43625
1784 43636
1785 43713
1786 43719
1787 43725
1788 43743
1789 43748
1790 43749
1791 43796
1792 43797
1793 43828
1794 43833
1795 43845
1796 43869
1797 43892
1798 43925
1799 43941
1800 43947
1801 43972
1802 43989
1803 44031
1804 44067
1805 44091
1806 44103
1807 44125
1808 44187
1809 44199
1810 44228
1811 44253
1812 44276
1813 44372
1814 44373
1815 44397
1816 44402
1817 44421
1818 44452
1819 44468
1820 44559
1821 44583
1822 44596
1823 44644
1824 44655
1825 44692
1826 44708
1827 44721
1828 44745
1829 44751
1830 44788
1831 44823
1832 44852
1833 44859
1834 44875
1835 44877
1836 44883
1837 44933
1838 44967
1839 44973
1840 45009
1841 45021
1842 45025
1843 45028
1844 45044
1845 45092
1846 45207
1847 45268
1848 45284
1849 45291
1850 45315
1851 45316
1852 45381
1853 45399
1854 45405
1855 45412
1856 45453
1857 45465
1858 45476
1859 45531
1860 45572
1861 45591
1862 45602
1863 45621
1864 45687
1865 45693
1866 45741
1867 45748
1868 45759
1869 45771
1870 45819
1871 45843
1872 45875
1873 45885
1874 45956
1875 45988
1876 45999
1877 46017
1878 46029
1879 46095
1880 46107
1881 46143
1882 46196
1883 46209
1884 46227
1885 46263
1886 46359
1887 46372
1888 46375
1889 46388
1890 46407
1891 46455
1892 46467
1893 46468
1894 46484
1895 46503
1896 46532
1897 46625
1898 46628
1899 46641
1900 46647
1901 46659
1902 46708
1903 46724
1904 46731
1905 46756
1906 46761
1907 46791
1908 46804
1909 46839
1910 46845
1911 46851
1912 46863
1913 46868
1914 46911
1915 46991
1916 47019
1917 47085
1918 47108
1919 47125
1920 47156
1921 47163
1922 47204
1923 47229
1924 47241
1925 47252
1926 47253
1927 47271
1928 47284
1929 47307
1930 47332
1931 47343
1932 47375
1933 47433
1934 47525
1935 47588
1936 47636
1937 47655
1938 47677
1939 47732
1940 47764
1941 47812
1942 47835
1943 47875
1944 47876
1945 47901
1946 47924
1947 47975
1948 47985
1949 48009
1950 48013
1951 48027
1952 48051
1953 48063
1954 48075
1955 48117
1956 48123
1957 48148
1958 48153
1959 48164
1960 48196
1961 48213
1962 48243
1963 48249
1964 48265
1965 48285
1966 48292
1967 48388
1968 48399
1969 48404
1970 48436
1971 48441
1972 48452
1973 48465
1974 48507
1975 48513
1976 48596
1977 48621
1978 48625
1979 48628
1980 48633
1981 48639
1982 48644
1983 48675
1984 48729
1985 48771
1986 48775
1987 48788
1988 48837
1989 48867
1990 48875
1991 48891
1992 48897
1993 48933
1994 48963
1995 48964
1996 49012
1997 49049
1998 49075
1999 49076
2000 49108
2001 49113
2002 49124
2003 49156
2004 49161
2005 49204
2006 49221
2007 49247
2008 49287
2009 49298
2010 49316
2011 49377
2012 49492
2013 49508
2014 49533
2015 49569
2016 49593
2017 49599
2018 49604
2019 49623
2020 49625
2021 49636
2022 49652
2023 49684
2024 49732
2025 49743
2026 49748
2027 49749
2028 49791
2029 49828
2030 49869
2031 49881
2032 49892
2033 49917
2034 49988
2035 49989
