1 42
2 78
3 110
4 114
5 147
6 186
7 222
8 225
9 258
10 310
11 366
12 402
13 406
14 410
15 438
16 474
17 506
18 507
19 525
20 582
21 602
22 610
23 618
24 654
25 710
26 735
27 762
28 834
29 906
30 942
31 975
32 978
33 994
34 1010
35 1083
36 1086
37 1089
38 1158
39 1194
40 1266
41 1310
42 1338
43 1374
44 1378
45 1425
46 1446
47 1474
48 1510
49 1582
50 1617
51 1626
52 1662
53 1698
54 1778
55 1810
56 1827
57 1842
58 1878
59 1910
60 1958
61 1986
62 2022
63 2054
64 2094
65 2110
66 2162
67 2202
68 2238
69 2274
70 2382
71 2410
72 2454
73 2499
74 2510
75 2526
76 2535
77 2541
78 2598
79 2634
80 2710
81 2742
82 2758
83 2775
84 2778
85 2810
86 2883
87 2922
88 2954
89 2994
90 3110
91 3138
92 3225
93 3246
94 3282
95 3310
96 3346
97 3381
98 3406
99 3422
100 3426
101 3462
102 3502
103 3606
104 3642
105 3678
106 3714
107 3786
108 3825
109 3858
110 3934
111 3966
112 4010
113 4038
114 4082
115 4107
116 4146
117 4210
118 4254
119 4310
120 4362
121 4378
122 4398
123 4434
124 4473
125 4506
126 4542
127 4610
128 4614
129 4658
130 4718
131 4719
132 4722
133 4761
134 4866
135 4910
136 4938
137 4974
138 5025
139 5118
140 5154
141 5175
142 5210
143 5262
144 5298
145 5306
146 5410
147 5442
148 5475
149 5514
150 5547
151 5577
152 5622
153 5710
154 5802
155 5894
156 5925
157 5946
158 5982
159 6010
160 6027
161 6054
162 6069
163 6126
164 6198
165 6201
166 6234
167 6286
168 6306
169 6310
170 6325
171 6378
172 6394
173 6410
174 6414
175 6482
176 6517
177 6522
178 6525
179 6558
180 6610
181 6702
182 6738
183 6774
184 6806
185 6874
186 6897
187 6909
188 6910
189 6918
190 7010
191 7026
192 7119
193 7206
194 7258
195 7275
196 7278
197 7282
198 7386
199 7422
200 7455
201 7494
202 7510
203 7569
204 7575
205 7610
206 7658
207 7674
208 7725
209 7746
210 7766
211 7782
212 7791
213 7818
214 7926
215 7962
216 8110
217 8126
218 8138
219 8175
220 8210
221 8281
222 8286
223 8394
224 8538
225 8574
226 8619
227 8638
228 8673
229 8682
230 8702
231 8718
232 8734
233 8754
234 8810
235 8826
236 8834
237 8898
238 8925
239 8934
240 9025
241 9110
242 9135
243 9186
244 9218
245 9226
246 9258
247 9294
248 9317
249 9402
250 9410
251 9422
252 9474
253 9525
254 9582
255 9654
256 9710
257 9726
258 9762
259 9814
260 9910
261 9942
262 9978
263 10014
264 10158
265 10186
266 10194
267 10210
268 10310
269 10338
270 10402
271 10425
272 10438
273 10446
274 10482
275 10510
276 10518
277 10554
278 10575
279 10598
280 10610
281 10662
282 10698
283 10734
284 10806
285 10910
286 10986
287 11026
288 11055
289 11109
290 11163
291 11166
292 11202
293 11238
294 11253
295 11271
296 11274
297 11342
298 11385
299 11510
300 11518
301 11578
302 11598
303 11661
304 11706
305 11710
306 11775
307 11810
308 11913
309 11922
310 11925
311 11958
312 11994
313 12010
314 12066
315 12075
316 12102
317 12174
318 12201
319 12225
320 12310
321 12318
322 12362
323 12411
324 12495
325 12498
326 12534
327 12678
328 12742
329 12754
330 12786
331 12822
332 12858
333 12910
334 12966
335 13010
336 13074
337 13083
338 13210
339 13218
340 13275
341 13326
342 13342
343 13431
344 13434
345 13467
346 13506
347 13514
348 13538
349 13546
350 13574
351 13610
352 13614
353 13686
354 13722
355 13758
356 13810
357 13866
358 13906
359 14046
360 14082
361 14126
362 14222
363 14226
364 14262
365 14298
366 14334
367 14475
368 14510
369 14542
370 14622
371 14703
372 14710
373 14714
374 14802
375 14810
376 14838
377 14847
378 14878
379 14925
380 15018
381 15026
382 15057
383 15062
384 15110
385 15126
386 15129
387 15234
388 15302
389 15306
390 15310
391 15327
392 15342
393 15558
394 15574
395 15609
396 15702
397 15710
398 15729
399 15882
400 15922
401 15954
402 15987
403 15994
404 16010
405 16026
406 16062
407 16098
408 16134
409 16210
410 16242
411 16278
412 16282
413 16314
414 16386
415 16473
416 16494
417 16502
418 16575
419 16602
420 16725
421 16746
422 16782
423 16818
424 16905
425 16998
426 17106
427 17142
428 17175
429 17210
430 17322
431 17366
432 17410
433 17502
434 17602
435 17703
436 17718
437 17826
438 18006
439 18010
440 18046
441 18110
442 18114
443 18222
444 18242
445 18294
446 18310
447 18366
448 18402
449 18411
450 18425
451 18474
452 18513
453 18610
454 18654
455 18675
456 18710
457 18723
458 18726
459 18825
460 18898
461 18978
462 19010
463 19014
464 19086
465 19122
466 19222
467 19257
468 19282
469 19302
470 19310
471 19374
472 19382
473 19510
474 19518
475 19554
476 19626
477 19806
478 19842
479 19878
480 19881
481 19914
482 19986
483 20006
484 20025
485 20058
486 20097
487 20110
488 20139
489 20166
490 20238
491 20242
492 20346
493 20535
494 20594
495 20598
496 20631
497 20742
498 20775
499 20778
500 20787
501 20810
502 20814
503 20834
504 20842
505 20986
506 20994
507 21025
508 21066
509 21102
510 21110
511 21174
512 21206
513 21225
514 21246
515 21282
516 21310
517 21354
518 21410
519 21426
520 21498
521 21610
522 21642
523 21678
524 21698
525 21786
526 21802
527 21822
528 21858
529 21903
530 21998
531 22038
532 22143
533 22146
534 22162
535 22182
536 22210
537 22254
538 22286
539 22334
540 22358
541 22362
542 22398
543 22425
544 22434
545 22510
546 22614
547 22758
548 22810
549 22938
550 23025
551 23082
552 23110
553 23118
554 23126
555 23262
556 23334
557 23338
558 23410
559 23442
560 23475
561 23510
562 23514
563 23586
564 23658
565 23686
566 23710
567 23802
568 23805
569 23810
570 23829
571 23926
572 24018
573 24075
574 24110
575 24122
576 24126
577 24162
578 24225
579 24306
580 24342
581 24362
582 24410
583 24475
584 24549
585 24558
586 24586
587 24594
588 24666
589 24675
590 24706
591 24774
592 24909
593 24918
594 24954
595 25062
596 25206
597 25210
598 25275
599 25289
600 25310
601 25314
602 25386
603 25425
604 25431
605 25458
606 25510
607 25545
608 25566
609 25638
610 25782
611 25910
612 25962
613 26034
614 26142
615 26175
616 26178
617 26210
618 26278
619 26313
620 26499
621 26538
622 26565
623 26602
624 26646
625 26682
626 26710
627 26877
628 26898
629 27042
630 27062
631 27078
632 27110
633 27114
634 27294
635 27310
636 27366
637 27402
638 27410
639 27489
640 27525
641 27546
642 27554
643 27582
644 27618
645 27722
646 27726
647 27735
648 27825
649 27834
650 27906
651 27910
652 27942
653 27975
654 27978
655 28010
656 28042
657 28077
658 28094
659 28227
660 28238
661 28275
662 28287
663 28338
664 28374
665 28418
666 28425
667 28510
668 28554
669 28610
670 28677
671 28698
672 28734
673 28806
674 28878
675 28918
676 28986
677 29062
678 29166
679 29218
680 29418
681 29454
682 29505
683 29575
684 29598
685 29706
686 29710
687 29742
688 29775
689 29806
690 29814
691 29913
692 29922
693 29958
694 29994
695 30002
696 30010
697 30066
698 30075
699 30110
700 30138
701 30153
702 30334
703 30345
704 30354
705 30410
706 30446
707 30462
708 30606
709 30610
710 30642
711 30675
712 30678
713 30714
714 30825
715 30933
716 30975
717 30982
718 30998
719 31002
720 31005
721 31059
722 31074
723 31182
724 31210
725 31246
726 31254
727 31329
728 31362
729 31398
730 31407
731 31581
732 31686
733 31713
734 31766
735 31786
736 31798
737 31810
738 31827
739 31862
740 31910
741 31938
742 31966
743 32079
744 32082
745 32158
746 32210
747 32354
748 32402
749 32442
750 32474
751 32475
752 32478
753 32510
754 32514
755 32585
756 32586
757 32622
758 32658
759 32694
760 32710
761 32746
762 32775
763 32799
764 32835
765 32874
766 32925
767 33010
768 33018
769 33126
770 33162
771 33310
772 33334
773 33342
774 33369
775 33378
776 33414
777 33486
778 33495
779 33525
780 33610
781 33710
782 33738
783 33826
784 33846
785 33882
786 33910
787 33918
788 33922
789 33954
790 34098
791 34118
792 34134
793 34206
794 34251
795 34275
796 34422
797 34458
798 34494
799 34502
800 34545
801 34610
802 34674
803 34714
804 34725
805 34746
806 34910
807 34926
808 34962
809 35034
810 35106
811 35110
812 35142
813 35211
814 35214
815 35286
816 35294
817 35354
818 35410
819 35538
820 35595
821 35643
822 35686
823 35710
824 35718
825 35810
826 35997
827 36042
828 36046
829 36222
830 36258
831 36274
832 36310
833 36402
834 36438
835 36474
836 36525
837 36546
838 36710
839 36726
840 36798
841 36862
842 36897
843 36906
844 36910
845 36978
846 37010
847 37058
848 37066
849 37194
850 37266
851 37281
852 37302
853 37374
854 37389
855 37425
856 37482
857 37575
858 37610
859 37626
860 37646
861 37662
862 37779
863 37806
864 38022
865 38058
866 38134
867 38166
868 38182
869 38202
870 38210
871 38234
872 38238
873 38274
874 38382
875 38510
876 38526
877 38558
878 38562
879 38661
880 38706
881 38810
882 38814
883 38871
884 38886
885 38925
886 38955
887 39110
888 39174
889 39214
890 39225
891 39226
892 39282
893 39310
894 39318
895 39426
896 39462
897 39543
898 39567
899 39642
900 39714
901 39802
902 39822
903 39966
904 39998
905 40010
906 40038
907 40074
908 40146
909 40210
910 40218
911 40254
912 40275
913 40398
914 40510
915 40578
916 40686
917 40758
918 40910
919 40938
920 40974
921 40978
922 41025
923 41046
924 41110
925 41162
926 41226
927 41298
928 41325
929 41405
930 41442
931 41517
932 41566
933 41694
934 41766
935 41802
936 41914
937 41938
938 41946
939 41982
940 42010
941 42021
942 42081
943 42110
944 42154
945 42162
946 42234
947 42310
948 42342
949 42346
950 42410
951 42414
952 42610
953 42710
954 42774
955 42778
956 42806
957 42938
958 42954
959 43062
960 43071
961 43095
962 43197
963 43242
964 43275
965 43278
966 43314
967 43365
968 43422
969 43458
970 43526
971 43575
972 43782
973 43854
974 43882
975 43910
976 43918
977 43926
978 43998
979 44055
980 44066
981 44106
982 44163
983 44210
984 44214
985 44275
986 44325
987 44358
988 44403
989 44410
990 44466
991 44482
992 44502
993 44510
994 44649
995 44754
996 44774
997 44810
998 44862
999 44934
1000 45042
1001 45094
1002 45118
1003 45123
1004 45177
1005 45222
1006 45294
1007 45366
1008 45438
1009 45518
1010 45525
1011 45546
1012 45610
1013 45618
1014 45717
1015 45726
1016 45825
1017 45834
1018 45910
1019 45975
1020 46014
1021 46086
1022 46101
1023 46122
1024 46194
1025 46210
1026 46246
1027 46274
1028 46302
1029 46338
1030 46389
1031 46425
1032 46446
1033 46466
1034 46486
1035 46510
1036 46518
1037 46554
1038 46598
1039 46599
1040 46725
1041 46734
1042 46809
1043 46858
1044 46910
1045 47054
1046 47175
1047 47202
1048 47210
1049 47238
1050 47274
1051 47446
1052 47510
1053 47562
1054 47598
1055 47685
1056 47706
1057 47778
1058 47937
1059 47938
1060 47958
1061 48010
1062 48022
1063 48066
1064 48102
1065 48225
1066 48310
1067 48318
1068 48354
1069 48387
1070 48534
1071 48586
1072 48606
1073 48610
1074 48698
1075 48710
1076 48966
1077 49002
1078 49011
1079 49074
1080 49146
1081 49197
1082 49203
1083 49254
1084 49310
1085 49326
1086 49335
1087 49398
1088 49406
1089 49510
1090 49578
1091 49614
1092 49722
1093 49758
1094 49798
1095 49866
1096 49874
1097 49902
1098 49974
1099 49994
