1 375
2 605
3 903
4 1705
5 2255
6 2601
7 2667
8 3081
9 3355
10 3905
11 3993
12 4235
13 4431
14 4515
15 4805
16 5555
17 6123
18 6355
19 6375
20 6765
21 7077
22 7205
23 7865
24 7917
25 7959
26 8305
27 8405
28 8625
29 8841
30 9455
31 9723
32 9933
33 9955
34 10285
35 10505
36 10875
37 11005
38 11487
39 11495
40 11571
41 11605
42 11715
43 11935
44 12207
45 12505
46 13005
47 13053
48 13251
49 13255
50 13335
51 13805
52 14133
53 14469
54 14555
55 14739
56 14905
57 15351
58 15379
59 15405
60 15455
61 15655
62 15785
63 15897
64 16665
65 17105
66 17545
67 17625
68 18543
69 18605
70 18879
71 19383
72 19855
73 19875
74 20305
75 20307
76 20705
77 20769
78 21189
79 21333
80 21615
81 21655
82 22055
83 22071
84 22125
85 22165
86 22385
87 22533
88 22953
89 23155
90 23405
91 23485
92 23705
93 24753
94 25205
95 25281
96 25355
97 26015
98 26049
99 26855
100 27005
101 27363
102 28055
103 28329
104 28435
105 28611
106 28655
107 28985
108 29315
109 29337
110 29605
111 29755
112 30009
113 30615
114 30805
115 30849
116 30891
117 30955
118 31125
119 31405
120 31515
121 32065
122 32395
123 32547
124 32661
125 32705
126 33055
127 33375
128 33501
129 33537
130 33635
131 33891
132 34295
133 34689
134 34705
135 35255
136 35385
137 35695
138 35763
139 35855
140 36183
141 36501
142 36543
143 37023
144 37105
145 37149
146 37355
147 38005
148 38335
149 38555
150 38885
151 38905
152 39155
153 39273
154 39585
155 39795
156 39955
157 40125
158 40593
159 40803
160 41305
161 41415
162 41855
163 42005
164 42357
165 42375
166 42441
167 42627
168 42845
169 43255
170 43555
171 43615
172 43665
173 44165
174 44457
175 44485
176 44605
177 45003
178 45087
179 45155
180 45339
181 45369
182 45669
183 46055
184 46221
185 46255
186 46365
187 46505
188 47649
189 47795
190 47859
191 48111
192 48531
193 48615
194 48711
195 48741
196 49405
197 49445
198 49617



