1 72
2 20664
3 66600
4 84744
5 89784
6 141240
7 175032
8 232680
9 271272
10 288072
11 378984
12 428472
13 620472
14 697320
15 740520
16 789672
17 792360
18 1016472
19 1063272
20 1207704
21 1250472
22 1304472
23 1338600
24 1570584
25 1617672
26 1628472
27 1844472
28 2150712
29 2186472
30 2283672
31 2399112
32 2427672
33 2538120
34 2664360
35 2764440
36 2772072
37 2785080
38 2814120
39 2828520
40 2891592
41 2933400
42 2961480
43 3070152
44 3078504
45 3250920
46 3268584
47 3547272
48 3567960
49 3635640
50 3767880
51 3770760
52 4095000
53 4153944
54 4403352
55 4414440
56 4496472
57 4513800
58 4532952
59 4551672
60 4603752
61 4616472
62 4717272
63 4903560
64 4972440
65 5043000
66 5215944
67 5451672
68 5473272
69 5529672
70 5710152
71 5720472
72 5786472
73 5907672
74 5948280
75 6117672
76 6138360
77 6235320
78 6355272
79 6385464
80 6411672
81 6527592
82 6536280
83 6621672
84 6663672
85 6677400
86 6711240
87 6720312
88 6804072
89 6905784
90 6913272
91 7040520
92 7146360
93 7224984
94 7265640
95 7304952
96 7640472
97 8160600
98 8234472
99 8281704
100 8465160
101 8486472
102 8589672
103 8601672
104 8749272
105 9015672
106 9205032
107 9592632
108 9648072
109 9651240
110 9839160
111 10080984
112 10088040
113 10387272
114 10423272
115 10539864
116 10700040
117 10844472
118 10977672
119 11209800
120 11479944
121 11721432
122 11757384
123 11823672
124 12151272
125 12239640
126 12271800
127 12381240
128 12431304
129 12582504
130 12705672
131 12920184
132 13025592
133 13082664
134 13121352
135 13301400
136 13537272
137 13616472
138 13617720
139 13843272
140 13990680
141 13997064
142 14156472
143 14180520
144 14287032
145 14319480
146 14321640
147 14422680
148 14526072
149 14648472
150 14681160
151 14685672
152 14725272
153 15053880
154 15099240
155 15290472
156 15333480
157 15416472
158 15710664
159 15728952
160 15758472
161 15859272
162 15891240
163 16311432
164 16426344
165 16450200
166 16777272
167 16977240
168 17109432
169 17130600
170 17169672
171 17326920
172 17877384
173 17892072
174 18001272
175 18168840
176 18327432
177 18371784
178 18392952
179 18825960
180 18867384
181 19045272
182 19085112
183 19240344
184 19437672
185 19504440
186 19924104
187 20179800
188 20232552
189 20286072
190 20333352
191 20697672
192 20963352
193 21019320
194 21201912
195 21722184
196 21777672
197 21853272
198 21901464
199 21943272
200 22195800
201 22411272
202 22668984
203 22801464
204 22911672
205 23213880
206 23499480
207 23833272
208 23883192
209 24093864
210 24425832
211 24603672
212 24904632
213 24998472
214 25088760
215 25154280
216 25223160
217 25251384
218 25335720
219 26415144
220 26476200
221 26571960
222 26582472
223 26605272
224 26881992
225 26973720
226 27007560
227 27187272
228 27297432
229 27343560
230 27358104
231 27455544
232 27523080
233 27757944
234 27830280
235 27914184
236 27937272
237 28053480
238 28063272
239 28094472
240 28593144
241 28750584
242 28808472
243 28839672
244 29226744
245 29276472
246 29347560
247 29402472
248 29436120
249 29703720
250 29971272
251 30129192
252 30264840
253 30375480
254 30410472
255 30536472
256 30599832
257 30671064
258 30675672
259 30726840
260 30743400
261 31032072
262 31150200
263 31284072
264 31351944
265 31474200
266 31569672
267 31651272
268 31659672
269 31706472
270 31799160
271 32149272
272 32400360
273 32439864
274 32689272
275 33080184
276 33408792
277 33445272
278 33495672
279 33535272
280 33605784
281 33994584
282 34141944
283 34358472
284 34417272
285 34604472
286 34703064
287 34776984
288 34784712
289 34856280
290 35019144
291 35072472
292 35277960
293 35677272
294 35707944
295 35807832
296 35882184
297 36202152
298 36242472
299 36428760
300 36522072
301 36548712
302 36673032
303 36700680
304 36855000
305 36861672
306 36865560
307 36901272
308 36979272
309 37059672
310 37077912
311 37153272
312 37275240
313 37316232
314 37433640
315 37905672
316 37959912
317 38003592
318 38086920
319 38251080
320 38380152
321 38430072
322 38513784
323 38741544
324 38858040
325 38970264
326 39045864
327 39104472
328 39113064
329 39276120
330 39462840
331 39529272
332 39579672
333 40011384
334 40047672
335 40180104
336 40184040
337 40198680
338 40641672
339 40661352
340 40752504
341 40768392
342 40816920
343 40824072
344 40940472
345 41067912
346 41108904
347 41199480
348 41353320
349 41370744
350 41505912
351 41522184
352 41696472
353 41771160
354 41784120
355 41817672
356 41948472
357 41963160
358 42039192
359 42139272
360 42351672
361 42540264
362 42573864
363 42781032
364 42931272
365 43459992
366 43555320
367 43634280
368 43709880
369 43780440
370 43921560
371 43944744
372 44013720
373 44248152
374 44451432
375 44547672
376 44684712
377 44911272
378 45014232
379 45368040
380 45541512
381 45602472
382 45667080
383 45721272
384 45829272
385 45908472
386 46328472
387 46350072
388 46355880
389 46391832
390 46421640
391 46502472
392 46532280
393 46549272
394 46681272
395 46696680
396 46779240
397 46807464
398 46905672
399 46906920
400 46920360
401 46948584
402 46963272
403 46964712
404 47103672
405 47217864
406 47274744
407 47412072
408 47451672
409 47556264
410 47565144
411 47706264
412 47731800
413 47949672
414 48296280
415 48529800
416 48745272
417 48966600
418 49033272
419 49156632
420 49196664
421 49265640
422 49310472
423 49399032
424 49677672
425 49700520
426 49716072
427 50272632
428 50554200
429 50705064
430 50798280
431 50937672
432 50944152
433 50984472
434 51256440
435 51373272
436 51541272
437 51570072
438 51625512
439 51719112
440 51735672
441 51852600
442 52071240
443 52110072
444 52229304
445 52311144
446 52531320
447 52687272
448 52760712
449 52774680
450 52874472
451 52940280
452 53075640
453 53483112
454 53703864
455 53864280
456 54019272
457 54025272
458 54126072
459 54353160
460 54361080
461 54503784
462 54506232
463 54594072
464 54769800
465 54787464
466 54823080
467 54886392
468 55162440
469 55171272
470 55239384
471 55386072
472 55423272
473 55458120
474 55473672
475 55635672
476 55648152
477 55706760
478 55846200
479 55983960
480 56017992
481 56133912
482 56365992
483 56657640
484 56827512
485 56910744
486 57329544
487 57459432
488 57539640
489 57968472
490 58069512
491 58309272
492 58314312
493 58421640
494 58501944
495 58546632
496 58692312
497 58712472
498 58734120
499 59077272
500 59217480
501 59253384
502 59288952
503 59558520
504 59588040
505 59714472
506 59724984
507 59821272
508 59968152
509 60552552
510 60624984
511 60862680
512 60873672
513 60989544
514 61152312
515 61244472
516 61483944
517 61739400
518 61781112
519 61876920
520 62000472
521 62022360
522 62337720
523 62475672
524 62549064
525 62816520
526 63103464
527 63109272
528 63117912
529 63162360
530 63182952
531 63206280
532 63219720
533 63537672
534 63713640
535 63792072
536 63917400
537 64067112
538 64179000
539 64321272
540 64477272
541 64486584
542 64598472
543 64631592
544 64743960
545 64809480
546 64835544
547 64898472
548 64973304
549 65016072
550 65017800
551 65107512
552 65164584
553 65265960
554 65692440
555 65825064
556 65971560
557 66303864
558 66499752
559 66722664
560 66759672
561 67083240
562 67107672
563 67173672
564 67257000
565 67383432
566 67389960
567 67555272
568 67557000
569 67566072
570 67653720
571 67763592
572 67883400
573 68084472
574 68106360
575 68140584
576 68344392
577 68372472
578 69022440
579 69194232
580 69414312
581 69676632
582 70249512
583 70377672
584 70466232
585 70735032
586 70791480
587 70804920
588 70827672
589 71106312
590 71510520
591 71517240
592 71684472
593 71738472
594 71863992
595 72053832
596 72146232
597 72278472
598 72309672
599 72332472
600 72368472
601 72393192
602 72432264
603 72705864
604 72811272
605 72852840
606 72908472
607 72978840
608 73063512
609 73065000
610 73945512
611 73981272
612 74143272
613 74213640
614 74284680
615 74314440
616 74333592
617 74445672
618 74489832
619 74521272
620 74611272
621 75140760
622 75201480
623 75266472
624 75366792
625 75423672
626 75483720
627 75672072
628 75841752
629 75891960
630 75963672
631 76167480
632 76308600
633 76766472
634 76982472
635 77027112
636 77051160
637 77210760
638 77322792
639 77501064
640 77543400
641 77695032
642 77843592
643 77900232
644 77903064
645 77938104
646 78315672
647 78319560
648 78546504
649 78631704
650 78779640
651 79197672
652 79647672
653 79773240
654 79801320
655 79960680
656 79976520
657 80237880
658 80382600
659 80400600
660 80491320
661 80558472
662 80669880
663 80715240
664 80839080
665 81014760
666 81026472
667 81044760
668 81213192
669 81254280
670 81279720
671 81793272
672 81879672
673 81900072
674 82005672
675 82152072
676 82404984
677 82520472
678 82538472
679 82673112
680 82736280
681 82852200
682 82950984
683 83117640
684 83358072
685 83430120
686 83528472
687 83717064
688 84119112
689 84162600
690 84741672
691 84873672
692 85199160
693 85311720
694 85335672
695 85359000
696 85382472
697 85436472
698 85569672
699 85701672
700 85940040
701 86081832
702 86148360
703 86390472
704 86547672
705 86596920
706 86642472
707 86660280
708 86716200
709 86774472
710 86859432
711 86962152
712 87322680
713 87352680
714 87431544
715 87541752
716 87601080
717 87696840
718 87830472
719 87870600
720 87877080
721 88085064
722 88208472
723 88809672
724 89124984
725 89292072
726 89497944
727 89745672
728 89905512
729 90175800
730 90245064
731 90324072
732 90485784
733 90663672
734 91087752
735 91304472
736 91463880
737 91518840
738 91567272
739 91641960
740 91824840
741 92222472
742 92293272
743 92322552
744 92325720
745 92746200
746 92780472
747 92791272
748 92830152
749 92870472
750 92896920
751 92929320
752 93139272
753 93385272
754 93474840
755 93626472
756 93633672
757 93642312
758 94101672
759 94107384
760 94230072
761 94382904
762 94389240
763 94660920
764 94740984
765 95119320
766 95147112
767 95324520
768 95494440
769 95555880
770 95706072
771 95783832
772 95822040
773 95865672
774 95960232
775 96344184
776 96474312
777 96476472
778 96714072
779 96747912
780 96750072
781 96835032
782 96848472
783 97089192
784 97190472
785 97508520
786 98057352
787 98389272
788 98915160
789 98918472
790 99019944
791 99198120
792 99453960
793 99734520
794 99746472
795 100026072
796 100064280
797 100182744
798 100239672
799 100286472
800 100612920
801 100674072
802 101145720
803 101178072
804 101289672
805 101590920
806 101618712
807 101649144
808 101737272
809 102080280
810 102326232
811 103107960
812 103139544
813 103407912
814 103453272
815 103763160
816 103849272
817 103955112
818 104117160
819 104155752
820 104397672
821 104474664
822 104489112
823 104811480
824 105098760
825 105103272
826 105261912
827 105305832
828 105452472
829 105499944
830 105636792
831 105783672
832 105811272
833 105874920
834 105895272
835 105915672
836 106273272
837 106388472
838 106434360
839 106435560
840 106663320
841 106791192
842 106822200
843 106956840
844 107018472
845 107443272
846 107583480
847 107898312
848 108108072
849 108305640
850 108452712
851 108563592
852 108746472
853 108973272
854 109048440
855 109527672
856 109635672
857 109673064
858 110120472
859 110135064
860 110179272
861 110610072
862 110813112
863 110831592
864 110863992
865 111200520
866 111454392
867 111482760
868 111733272
869 111770472
870 111850344
871 112206072
872 112209672
873 112273272
874 112417272
875 112490760
876 112568472
877 112881720
878 112896072
879 113001672
880 113408472
881 113599080
882 113883672
883 113923272
884 114077352
885 114148152
886 114862584
887 114869640
888 115244472
889 115294680
890 115633944
891 115863672
892 115937784
893 116028072
894 116317272
895 116363640
896 116395272
897 116535000
898 116599032
899 116605272
900 116608440
901 116745672
902 116775432
903 116910072
904 117006744
905 117159672
906 117198120
907 117339384
908 117447672
909 117508440
910 117529752
911 117736392
912 117756984
913 117860472
914 117873720
915 117903720
916 118044840
917 118132200
918 118230312
919 118369272
920 118476072
921 118538760
922 118715160
923 118927512
924 118929672
925 119126664
926 119177640
927 119356680
928 119408520
929 119430264
930 119571960
931 119603880
932 119679672
933 119862072
934 120011592
935 120030600
936 120032472
937 120721944
938 121047192
939 121120104
940 121184760
941 121191480
942 121202472
943 121354104
944 121572840
945 121590072
946 121607112
947 121842072
948 121891032
949 121926312
950 122076504
951 122329272
952 122623272
953 122737320
954 122743272
955 122871672
956 122875272
957 123110472
958 123337272
959 123495672
960 123528600
961 123804552
962 123866040
963 123921480
964 124064472
965 124143672
966 124203960
967 124369272
968 124538472
969 124593672
970 125270184
971 125332200
972 125929080
973 126086664
974 126243000
975 126317160
976 126705672
977 126970680
978 127176744
979 127513992
980 127545672
981 127618920
982 127747272
983 128106840
984 128301672
985 128444472
986 128560440
987 128679672
988 128681784
989 128898072
990 128925192
991 129491112
992 129687240
993 129813672
994 129827352
995 129913272
996 130100184
997 130191672
998 130227672
999 130569912
1000 130639800
1001 131504760
1002 131523672
1003 131644440
1004 132002712
1005 132219480
1006 132269400
1007 132420600
1008 132581880
1009 132685272
1010 132722472
1011 132755592
1012 133222440
1013 133412952
1014 133736472
1015 133766472
1016 134119272
1017 134402184
1018 134889672
1019 134911272
1020 135031320
1021 135255672
1022 135404472
1023 135692472
1024 135757080
1025 135793272
1026 135954552
1027 136303272
1028 136470744
1029 136592472
1030 136872792
1031 137193672
1032 137300664
1033 137582472
1034 137707320
1035 137714472
1036 138083880
1037 138291672
1038 138438360
1039 138600840
1040 138713880
1041 138978072
1042 139003752
1043 139087272
1044 139112472
1045 139205784
1046 139350600
1047 139380264
1048 139389672
1049 139424520
1050 139771944
1051 139928184
1052 140190264
1053 140246472
1054 140341800
1055 140413032
1056 140432040
1057 140817672
1058 141074472
1059 141332472
1060 141498984
1061 141653880
1062 141657672
1063 141772152
1064 142038072
1065 142111272
1066 142210632
1067 142388040
1068 142687272
1069 142740072
1070 142833672
1071 142934472
1072 143079672
1073 143191272
1074 143204520
1075 143281272
1076 143289192
1077 143441064
1078 143459544
1079 143695272
1080 143716440
1081 143940360
1082 144309960
1083 144404472
1084 144717672
1085 144782472
1086 144999432
1087 145287720
1088 145321752
1089 145454904
1090 145635960
1091 145740312
1092 145752552
1093 146066472
1094 146234232
1095 146780040
1096 146802312
1097 146929080
1098 147009720
1099 147122472
1100 147327240
1101 147680040
1102 147680472
1103 147995544
1104 148064232
1105 148100472
1106 148125672
1107 148179864
1108 148511880
1109 148737672
1110 149183640
1111 149419272
1112 149529864
1113 149581800
1114 149825064
1115 149848920
1116 149930904
1117 150278664
1118 150801672
1119 150956184
1120 151068600
1121 151159320
1122 151174920
1123 151356360
1124 151578840
1125 151786200
1126 151813272
1127 152215032
1128 153077880
1129 153159672
1130 153235800
1131 153249672
1132 153466632
1133 153483672
1134 153495864
1135 153661752
1136 153840600
1137 153912360
1138 153940584
1139 154016472
1140 154106472
1141 154133064
1142 154224072
1143 154522200
1144 154725480
1145 155211672
1146 155477352
1147 155675160
1148 155762184
1149 155820792
1150 155898072
1151 155929080
1152 155935560
1153 156111960
1154 156295272
1155 156325320
1156 156504312
1157 156958680
1158 156961560
1159 157118952
1160 157541832
1161 157868472
1162 157897272
1163 157968360
1164 158367672
1165 158405832
1166 158703960
1167 159102840
1168 159123000
1169 159995784
1170 160091352
1171 160123464
1172 160129272
1173 160263480
1174 160326504
1175 160779000
1176 160821000
1177 161061672
1178 161185032
1179 161219352
1180 161245272
1181 161310744
1182 161497272
1183 161691672
1184 161864280
1185 162046152
1186 162422472
1187 162485544
1188 162568200
1189 162630120
1190 162880344
1191 163275672
1192 163357272
1193 163376472
1194 163489320
1195 163502472
1196 163548984
1197 163592472
1198 163598040
1199 163676664
1200 163693272
1201 163819800
1202 163839720
1203 163869672
1204 164006472
1205 164227032
1206 164251560
1207 164340072
1208 164437032
1209 165108360
1210 165237960
1211 165407400
1212 165678312
1213 165736344
1214 165959112
1215 166436472
1216 166480920
1217 166514184
1218 166573800
1219 166605672
1220 166695960
1221 166765512
1222 166794744
1223 166933272
1224 167293272
1225 167312952
1226 167776632
1227 168121944
1228 168217272
1229 168354120
1230 168483240
1231 168494472
1232 168575544
1233 168587640
1234 168985272
1235 168993192
1236 169013160
1237 169172280
1238 169189272
1239 169197672
1240 169200840
1241 169344552
1242 169601832
1243 169867272
1244 169867992
1245 169903272
1246 169908120
1247 170072904
1248 170085864
1249 170393304
1250 170550072
1251 170842680
1252 171037080
1253 171057672
1254 171070344
1255 171247080
1256 171571080
1257 172129080
1258 172401672
1259 172519032
1260 172552440
1261 173101944
1262 173286792
1263 173294472
1264 173459640
1265 173857800
1266 175269864
1267 175488600
1268 175663800
1269 176022072
1270 176192472
1271 176249304
1272 176396952
1273 176439960
1274 176633064
1275 176642472
1276 176656152
1277 176786472
1278 176952360
1279 177202344
1280 177218040
1281 177391272
1282 177576312
1283 177698280
1284 177851160
1285 177943752
1286 178054920
1287 178060680
1288 178143672
1289 178225272
1290 178313160
1291 179484984
1292 179552664
1293 179904792
1294 180136440
1295 180136632
1296 180212232
1297 180428472
1298 180482472
1299 180526392
1300 180846072
1301 180991272
1302 180993672
1303 181055592
1304 181196040
1305 181574472
1306 181616952
1307 181725912
1308 182139672
1309 182456472
1310 182480040
1311 182563752
1312 182654472
1313 183199944
1314 183212472
1315 183489240
1316 183899160
1317 184191672
1318 184202472
1319 184246920
1320 184285800
1321 184409112
1322 184501944
1323 184936392
1324 185275272
1325 185411160
1326 185810664
1327 186098952
1328 186593880
1329 186681672
1330 186765672
1331 186870744
1332 186933672
1333 186982632
1334 187017240
1335 187130952
1336 187131672
1337 187167672
1338 187450104
1339 187831272
1340 188162472
1341 188324760
1342 188330472
1343 188385672
1344 188586120
1345 188677272
1346 188910072
1347 189044472
1348 189056280
1349 189296472
1350 189412920
1351 189630072
1352 189871560
1353 190073160
1354 190079544
1355 190645560
1356 190657272
1357 191108712
1358 191289672
1359 191466360
1360 191510760
1361 191639592
1362 192235320
1363 192804840
1364 192998520
1365 193120680
1366 193185864
1367 193193400
1368 193233240
1369 193501704
1370 193658952
1371 193830744
1372 194130360
1373 195124392
1374 195532680
1375 195631752
1376 195795432
1377 195895272
1378 196344072
1379 196719912
1380 196848264
1381 196938072
1382 197511672
1383 197868360
1384 197955192
1385 198141672
1386 198217272
1387 198361080
1388 198404472
1389 198566904
1390 198692472
1391 198853320
1392 199097112
1393 199155720
1394 199438632
1395 199536264
1396 199835784
1397 199917864
1398 199919304
1399 200043720
1400 200230200
1401 200250120
1402 200316792
1403 200402712
1404 200487672
1405 200870040
1406 200952504
1407 201113112
1408 201308472
1409 201327480
1410 201543672
1411 201728664
1412 202112472
1413 203268744
1414 203419272
1415 203887272
1416 203913000
1417 204419880
1418 204623640
1419 204632904
1420 204877560
1421 204908472
1422 205038264
1423 205203240
1424 205223400
1425 205323672
1426 205650552
1427 206033160
1428 206271480
1429 206395272
1430 206514552
1431 207796152
1432 207809352
1433 207824904
1434 207931032
1435 208110744
1436 208213272
1437 208343160
1438 208550664
1439 208569384
1440 208608600
1441 208785000
1442 209031960
1443 209265672
1444 209437272
1445 209512344
1446 209561160
1447 209717544
1448 209916072
1449 210009384
1450 210540360
1451 210777672
1452 211014792
1453 211447944
1454 211687272
1455 211699800
1456 211820760
1457 212087880
1458 212104920
1459 212136600
1460 212256552
1461 212373912
1462 212384232
1463 212516472
1464 212545272
1465 212749272
1466 212913432
1467 213123672
1468 213230280
1469 213796440
1470 213805272
1471 214007112
1472 214359672
1473 214391064
1474 214490520
1475 214658472
1476 214694472
1477 215090472
1478 215173272
1479 215201352
1480 215485272
1481 215507352
1482 215735832
1483 215943480
1484 216069240
1485 216490152
1486 216864120
1487 216951672
1488 217111080
1489 217794600
1490 217963080
1491 217997352
1492 218004600
1493 218337672
1494 218433672
1495 218665272
1496 218681544
1497 218804520
1498 218915400
1499 218990520
1500 219088440
1501 219388680
1502 219423672
1503 219578904
1504 219616632
1505 220141272
1506 220286280
1507 220373640
1508 220408920
1509 220843272
1510 220893672
1511 221062440
1512 221073672
1513 221113272
1514 221137032
1515 221179800
1516 221215464
1517 221264472
1518 221280840
1519 221297832
1520 221768040
1521 221789880
1522 221810472
1523 221951160
1524 222002472
1525 222045240
1526 222116232
1527 222127320
1528 222160152
1529 222172920
1530 222342264
1531 222483720
1532 222837672
1533 222954120
1534 223585320
1535 224179320
1536 224187672
1537 224334840
1538 224392440
1539 224593272
1540 224715672
1541 225263640
1542 226154280
1543 226170984
1544 226346472
1545 226364520
1546 226523784
1547 226601400
1548 226833672
1549 226994952
1550 227048472
1551 227077272
1552 227287272
1553 227325672
1554 227372184
1555 227399832
1556 227434680
1557 227447784
1558 227493480
1559 228121272
1560 228125160
1561 228166680
1562 228356472
1563 228430584
1564 228714600
1565 229071000
1566 229301832
1567 229346712
1568 229748040
1569 229789704
1570 229793880
1571 230319720
1572 230491080
1573 230530440
1574 230601672
1575 230940072
1576 230973672
1577 231018120
1578 231180744
1579 231310200
1580 231416472
1581 231815784
1582 231999240
1583 232352472
1584 232629672
1585 233095512
1586 233198760
1587 233586840
1588 233835672
1589 233925384
1590 234234072
1591 234257832
1592 234504792
1593 234758664
1594 234831720
1595 235199784
1596 235347960
1597 235984392
1598 236197560
1599 236291160
1600 236636472
1601 237294072
1602 237434040
1603 237619272
1604 237962232
1605 238103544
1606 238167864
1607 238190472
1608 239143944
1609 239869272
1610 239923272
1611 240100200
1612 240190920
1613 240290040
1614 240436440
1615 240614472
1616 240668472
1617 240997320
1618 241023672
1619 241348440
1620 241390632
1621 241903272
1622 242091000
1623 242247240
1624 242605080
1625 242792472
1626 242879592
1627 242892840
1628 242950152
1629 243129672
1630 243253560
1631 243260472
1632 243324120
1633 243386472
1634 243430632
1635 244299672
1636 244389384
1637 244407384
1638 244473672
1639 244574472
1640 244719192
1641 245078472
1642 245106072
1643 245175480
1644 245195640
1645 245347992
1646 245554920
1647 246027720
1648 246093672
1649 246212472
1650 246375000
1651 246534600
1652 246605832
1653 246776184
1654 247004472
1655 247227672
1656 247231272
1657 247736280
1658 247987800
1659 248378472
1660 248864760
1661 249001272
1662 249039480
1663 249191784
1664 250179960
1665 250230744
1666 250395672
1667 250578552
1668 250684392
1669 250773672
1670 250818840
1671 250887240
1672 250892760
1673 251015160
1674 252037944
1675 252042840
1676 252126072
1677 252179400
1678 252249960
1679 252523272
1680 253195272
1681 253564392
1682 253634472
1683 253726344
1684 253743672
1685 253933560
1686 254161272
1687 254307432
1688 254315160
1689 254377272
1690 254451672
1691 254655480
1692 254691000
1693 254711592
1694 254726472
1695 255002904
1696 255024840
1697 255411480
1698 255747720
1699 255811080
1700 256208472
1701 256442664
1702 256615752
1703 256903560
1704 257236680
1705 257287944
1706 257779512
1707 257933640
1708 258019272
1709 258283272
1710 258284952
1711 258847320
1712 258884472
1713 259380072
1714 259560072
1715 259799544
1716 259946472
1717 260089272
1718 260105544
1719 260234472
1720 260671800
1721 260863320
1722 260936472
1723 260989752
1724 261000264
1725 261307272
1726 261656472
1727 261990072
1728 262460520
1729 262513272
1730 262569672
1731 262632504
1732 262714152
1733 262832472
1734 263042472
1735 263250264
1736 263322984
1737 263798472
1738 264020472
1739 264069432
1740 264090600
1741 264132264
1742 264380472
1743 264560472
1744 264747672
1745 264831672
1746 264920952
1747 265277592
1748 265425672
1749 265713672
1750 266505672
1751 266539032
1752 266627640
1753 267055272
1754 267170904
1755 267441672
1756 267967272
1757 268020120
1758 268055064
1759 268156200
1760 268298472
1761 268334472
1762 268408200
1763 268441560
1764 268712472
1765 269085240
1766 269395704
1767 269934984
1768 270039672
1769 270071832
1770 270607752
1771 270627480
1772 270912504
1773 271095672
1774 271440072
1775 271574472
1776 271621560
1777 272218440
1778 272229672
1779 272325864
1780 272501352
1781 272679960
1782 272881272
1783 273221064
1784 273511512
1785 273708072
1786 273806904
1787 273947832
1788 274068264
1789 274111272
1790 274954152
1791 275049000
1792 275534760
1793 275779512
1794 275838840
1795 276487992
1796 276981672
1797 277038360
1798 277099272
1799 277193592
1800 277208472
1801 277774200
1802 277921272
1803 278015544
1804 278321880
1805 278402520
1806 278710632
1807 279464520
1808 279521400
1809 279528600
1810 279592632
1811 279655272
1812 280093080
1813 280167672
1814 280472472
1815 280692360
1816 280743672
1817 281020440
1818 281247672
1819 281514072
1820 281717352
1821 281863992
1822 282083880
1823 282303000
1824 282479400
1825 282791880
1826 282873000
1827 283079640
1828 283681272
1829 283684440
1830 283825080
1831 283876200
1832 284188104
1833 284227272
1834 284246472
1835 284697144
1836 284925960
1837 285077160
1838 285099240
1839 285552072
1840 285642072
1841 285711672
1842 285717240
1843 285795864
1844 286247640
1845 286316472
1846 286585032
1847 286656840
1848 286902072
1849 286910472
1850 286988472
1851 287175672
1852 287205960
1853 287289720
1854 287302584
1855 287517960
1856 287870472
1857 288129720
1858 288181704
1859 288413400
1860 288767784
1861 288969384
1862 289311672
1863 289527672
1864 289626264
1865 289681704
1866 289792920
1867 290000232
1868 290156952
1869 290345400
1870 290875032
1871 290924472
1872 290972280
1873 291102312
1874 291216360
1875 291230472
1876 291345672
1877 291382200
1878 291495240
1879 291498120
1880 291535272
1881 291661272
1882 291745272
1883 292003464
1884 292019160
1885 292070664
1886 292151640
1887 292168440
1888 292329912
1889 292518072
1890 292748472
1891 293221272
1892 293396040
1893 293691720
1894 293731272
1895 293859192
1896 294180600
1897 294344472
1898 294348744
1899 294974472
1900 295033032
1901 295353864
1902 295354584
1903 295355064
1904 295531992
1905 295872840
1906 295899960
1907 296270472
1908 296383080
1909 296465400
1910 296913672
1911 297000984
1912 297196680
1913 297473880
1914 297667272
1915 297736392
1916 297757272
1917 297944472
1918 298121832
1919 298131672
1920 298268712
1921 298428120
1922 298526904
1923 298748232
1924 298790472
1925 299187912
1926 299200584
1927 299536344
1928 299722392
1929 299800344
1930 299906760
1931 300392472
1932 300831192
1933 300888072
1934 300957672
1935 301077480
1936 301382472
1937 301493640
1938 301519992
1939 301526472
1940 301550472
1941 301602072
1942 301811304
1943 302218680
1944 302472072
1945 302596104
1946 302858472
1947 302916600
1948 303041640
1949 303473160
1950 303517272
1951 303547080
1952 303606072
1953 303651912
1954 303997752
1955 304009752
1956 304033944
1957 304035960
1958 304124472
1959 304130280
1960 304323672
1961 304853112
1962 304959960
1963 304970232
1964 304988520
1965 305101272
1966 305196600
1967 305205240
1968 305244072
1969 305474040
1970 305537544
1971 305612280
1972 305630472
1973 305838072
1974 305869944
1975 306195672
1976 306329304
1977 306411672
1978 306731352
1979 306764472
1980 306800760
1981 306818184
1982 306837864
1983 306871272
1984 307039800
1985 307079112
1986 307147752
1987 307475352
1988 307490472
1989 307599672
1990 307921800
1991 307975080
1992 308095272
1993 308317032
1994 308345160
1995 308391672
1996 308409912
1997 309032760
1998 309129240
1999 309160632
2000 309349800
2001 309657672
2002 309703944
2003 310070520
2004 310083384
2005 310234680
2006 310533192
2007 310850280
2008 311061720
2009 311163672
2010 311329272
2011 311367672
2012 311382072
2013 311663352
2014 311916072
2015 311941272
2016 312343704
2017 312349752
2018 312560280
2019 312787272
2020 312793560
2021 312854520
2022 313206744
2023 313372632
2024 313557672
2025 313679640
2026 313814232
2027 314199432
2028 314288472
2029 314519160
2030 314590392
2031 315131112
2032 315133272
2033 315228792
2034 315624504
2035 315781272
2036 316494840
2037 317035272
2038 317268120
2039 317325672
2040 317575272
2041 317710152
2042 317737560
2043 318471192
2044 318511272
2045 318528072
2046 319091880
2047 319233672
2048 319515672
2049 319635432
2050 319947672
2051 320202264
2052 320233512
2053 320660472
2054 320905272
2055 321139272
2056 322089672
2057 322630344
2058 322718232
2059 323132040
2060 323564040
2061 323875272
2062 323950440
2063 324307992
2064 324510120
2065 324645672
2066 325135272
2067 325253352
2068 325314840
2069 325459992
2070 325514280
2071 325732584
2072 325759464
2073 326311320
2074 326552472
2075 326586600
2076 326606184
2077 326686152
2078 326786520
2079 326851272
2080 327019800
2081 327814344
2082 328115304
2083 328525992
2084 328943304
2085 329041272
2086 329202360
2087 329623272
2088 329639160
2089 329762952
2090 329876472
2091 329997000
2092 330218760
2093 330261672
2094 330733272
2095 330906360
2096 330952584
2097 330969240
2098 331435992
2099 331496472
2100 331501944
2101 331780152
2102 331887432
2103 331989672
2104 332125560
2105 332515992
2106 332838552
2107 332942472
2108 333212520
2109 333464520
2110 333465192
2111 333466104
2112 333612120
2113 334050840
2114 334419672
2115 334513272
2116 334801272
2117 334840440
2118 334841112
2119 335016840
2120 335030520
2121 335056152
2122 335067672
2123 335158632
2124 335210472
2125 335421912
2126 335423880
2127 335771832
2128 335813832
2129 336286920
2130 336555912
2131 336626472
2132 337035432
2133 337416120
2134 337641912
2135 337695672
2136 337907640
2137 338089320
2138 338345400
2139 338562072
2140 338707800
2141 338766264
2142 338863032
2143 338925864
2144 339116040
2145 339403464
2146 340059720
2147 340308840
2148 340467672
2149 340661640
2150 340820472
2151 340855272
2152 341035032
2153 341336520
2154 341396712
2155 341426280
2156 341602104
2157 341618232
2158 341751960
2159 342025272
2160 342341640
2161 342469080
2162 342575832
2163 342743160
2164 343060680
2165 343304280
2166 343307640
2167 343470600
2168 343621272
2169 343688664
2170 343833240
2171 344474472
2172 344564280
2173 344577720
2174 344609112
2175 345099672
2176 345150072
2177 345312072
2178 345591864
2179 345769272
2180 345939672
2181 345942072
2182 346043352
2183 346076472
2184 346149192
2185 346235544
2186 346536792
2187 346670472
2188 346938600
2189 346959192
2190 347487480
2191 347823480
2192 348287160
2193 348335400
2194 348458520
2195 348559320
2196 348669192
2197 348686472
2198 348701592
2199 349005672
2200 349125672
2201 349729704
2202 349972200
2203 350179272
2204 350610600
2205 350637672
2206 351002280
2207 351053352
2208 351132744
2209 351278472
2210 351565272
2211 351650280
2212 351826920
2213 352227672
2214 352291464
2215 352396440
2216 352693800
2217 352869672
2218 352933272
2219 352935720
2220 353023752
2221 353258472
2222 353289384
2223 353449800
2224 353624184
2225 353978760
2226 353997480
2227 354034920
2228 354103992
2229 354222840
2230 354572472
2231 354837672
2232 354914760
2233 355467384
2234 355672440
2235 355854072
2236 355982904
2237 356095272
2238 356098584
2239 356868072
2240 356904552
2241 356989080
2242 357419640
2243 357482712
2244 357718680
2245 357822984
2246 358075944
2247 358111272
2248 358226184
2249 358340952
2250 358359672
2251 358391880
2252 358901400
2253 359234472
2254 359254440
2255 359279064
2256 359408280
2257 359459064
2258 359678232
2259 359745672
2260 360132840
2261 360389880
2262 360541272
2263 360576360
2264 360908472
2265 361104744
2266 361148904
2267 361265832
2268 361322472
2269 361339752
2270 361740600
2271 361859544
2272 361919352
2273 362322072
2274 362351784
2275 362394792
2276 362619912
2277 362653272
2278 362769672
2279 362815032
2280 362905272
2281 362996472
2282 363628920
2283 363674280
2284 363997272
2285 364014072
2286 364198440
2287 364332072
2288 364821384
2289 364909080
2290 365075400
2291 365112360
2292 365128680
2293 365296152
2294 365960280
2295 366189672
2296 366200472
2297 366222744
2298 366698280
2299 366794472
2300 366804792
2301 367074120
2302 367290072
2303 367326264
2304 367406472
2305 367686792
2306 368079672
2307 368252472
2308 368351064
2309 368564760
2310 368692200
2311 368845320
2312 368887800
2313 368949144
2314 369003000
2315 369129672
2316 369361272
2317 369423480
2318 369566040
2319 369753672
2320 369901272
2321 370008072
2322 370543800
2323 370602840
2324 370861992
2325 370938600
2326 370959672
2327 371096184
2328 371214120
2329 371276472
2330 371988072
2331 372147672
2332 372438360
2333 373292472
2334 373552680
2335 373887192
2336 374325672
2337 374335560
2338 374655672
2339 374875272
2340 375060312
2341 375187320
2342 375223032
2343 375336072
2344 376064472
2345 376153992
2346 376419960
2347 376680312
2348 376848840
2349 376958520
2350 376968600
2351 376977000
2352 377316072
2353 377479272
2354 377528232
2355 377769672
2356 377954280
2357 378093720
2358 378439272
2359 378616680
2360 378811272
2361 378856440
2362 379016472
2363 379116504
2364 379230552
2365 379233192
2366 379296072
2367 379366680
2368 379368072
2369 379380072
2370 379405272
2371 379787832
2372 379935000
2373 379959672
2374 379967112
2375 380247384
2376 380387592
2377 380642760
2378 381043272
2379 381104472
2380 381182232
2381 381367272
2382 381371592
2383 381727560
2384 381860472
2385 381939912
2386 382715064
2387 382753272
2388 382885272
2389 382958472
2390 383139432
2391 383536920
2392 383773800
2393 384126600
2394 384409512
2395 384427992
2396 384480504
2397 384714072
2398 385394472
2399 385413672
2400 385572600
2401 385910184
2402 385962840
2403 386085144
2404 386533272
2405 386698680
2406 386839272
2407 386873064
2408 387253272
2409 387301800
2410 388135080
2411 388625832
2412 388715112
2413 388951032
2414 389042472
2415 389115864
2416 389165400
2417 390003672
2418 390071640
2419 390403080
2420 390406440
2421 390412344
2422 390438360
2423 390851400
2424 390852840
2425 391142712
2426 391255272
2427 391430712
2428 391600440
2429 391818312
2430 392000232
2431 392505240
2432 392734920
2433 392875032
2434 392959944
2435 393228072
2436 393616920
2437 393758040
2438 393792984
2439 394439592
2440 394458264
2441 394714152
2442 394783272
2443 395067672
2444 395205672
2445 395276760
2446 395303304
2447 395582520
2448 395802072
2449 395867784
2450 395960760
2451 396062760
2452 396205992
2453 396759000
2454 397095672
2455 397104744
2456 397171272
2457 397494120
2458 397538472
2459 397688472
2460 397728552
2461 397924680
2462 397977672
2463 398055144
2464 398434152
2465 398565864
2466 398981160
2467 399174600
2468 399279672
2469 399612360
2470 399791592
2471 400173384
2472 400493160
2473 400721112
2474 400752072
2475 401402232
2476 401564664
2477 401619672
2478 401678040
2479 401824152
2480 402151320
2481 402698664
2482 403249800
2483 403442472
2484 404109864
2485 404162472
2486 404496072
2487 404578584
2488 405013032
2489 405281640
2490 405473112
2491 405500472
2492 405523080
2493 406224072
2494 406401960
2495 406422072
2496 406688760
2497 406908840
2498 407013672
2499 407942472
2500 408152280
2501 408222840
2502 408429480
2503 408446472
2504 408654072
2505 408975672
2506 409517784
2507 409615320
2508 411167784
2509 411177720
2510 411332520
2511 411398472
2512 411409272
2513 411602472
2514 412148664
2515 412245432
2516 412474584
2517 412509672
2518 412765320
2519 413047272
2520 413521752
2521 413601672
2522 413641272
2523 413907480
2524 414069672
2525 414849960
2526 414872472
2527 415083960
2528 415225272
2529 415391400
2530 415512360
2531 415556472
2532 416012664
2533 416211912
2534 416241144
2535 416262792
2536 416354472
2537 416445672
2538 416535672
2539 416767320
2540 417052584
2541 417478440
2542 417747672
2543 417986472
2544 418048680
2545 418075272
2546 418249272
2547 418468680
2548 418768200
2549 418909800
2550 419020200
2551 419126040
2552 419178792
2553 419347272
2554 419559672
2555 419657592
2556 419874744
2557 419940984
2558 420074472
2559 420234840
2560 420279672
2561 420395112
2562 420481272
2563 420606120
2564 420607800
2565 420616200
2566 421290552
2567 421304664
2568 421855272
2569 422029272
2570 422108472
2571 422259672
2572 422490744
2573 422864040
2574 424071480
2575 424143864
2576 424166472
2577 424538472
2578 424737912
2579 424867800
2580 424981272
2581 425094264
2582 425222760
2583 425354232
2584 425884680
2585 425894760
2586 425895672
2587 425968680
2588 425971272
2589 426168072
2590 426182472
2591 426248472
2592 426599544
2593 426957192
2594 427133592
2595 427358232
2596 427411272
2597 427442472
2598 427563432
2599 427591560
2600 427873800
2601 427982472
2602 428545272
2603 428862072
2604 429000840
2605 429393672
2606 429461400
2607 429519960
2608 430154472
2609 430444440
2610 430535784
2611 430664040
2612 430761144
2613 430992072
2614 431187672
2615 431507640
2616 431542920
2617 431610264
2618 431870520
2619 431911272
2620 431965944
2621 431999400
2622 432523272
2623 432537672
2624 432633240
2625 432674712
2626 432686664
2627 432957720
2628 432975960
2629 433069032
2630 433165800
2631 433200600
2632 433537272
2633 433641144
2634 433801512
2635 433803672
2636 434473272
2637 434805672
2638 434847672
2639 434971560
2640 435254472
2641 435423384
2642 435797352
2643 435956472
2644 436375800
2645 436529640
2646 436765032
2647 437342952
2648 437469960
2649 437682312
2650 437930472
2651 438145320
2652 438434472
2653 438454440
2654 439131672
2655 439672104
2656 439694712
2657 439798440
2658 439855560
2659 439942392
2660 439988472
2661 440228520
2662 440254152
2663 440350680
2664 440362584
2665 440378472
2666 440946072
2667 441029880
2668 441033672
2669 441414072
2670 441736680
2671 442113672
2672 442338600
2673 442458072
2674 442585080
2675 442880760
2676 442976472
2677 443071272
2678 443427672
2679 443607912
2680 443707464
2681 443829864
2682 443865144
2683 444085272
2684 444096072
2685 444340920
2686 444798984
2687 445584504
2688 445616280
2689 445760760
2690 445831992
2691 445973112
2692 446011272
2693 446367144
2694 446829672
2695 446995080
2696 447279672
2697 448232472
2698 448237272
2699 448337880
2700 448498584
2701 448545672
2702 448838712
2703 449113032
2704 449235000
2705 449693640
2706 449712120
2707 449841672
2708 449892072
2709 449952552
2710 450033240
2711 450168840
2712 450205704
2713 450656472
2714 450771192
2715 450777144
2716 450987240
2717 451123992
2718 451477272
2719 451869672
2720 451962072
2721 452094552
2722 452121672
2723 452352744
2724 452491272
2725 452718072
2726 452820792
2727 453230472
2728 453391320
2729 453483480
2730 453884904
2731 453919320
2732 454033272
2733 454806072
2734 454824360
2735 454843272
2736 454969272
2737 455285352
2738 455397672
2739 455472504
2740 455603880
2741 455688072
2742 455783160
2743 456004920
2744 456069240
2745 456238920
2746 456279672
2747 456945192
2748 457102440
2749 457329240
2750 457773672
2751 457928472
2752 458061240
2753 458109432
2754 458396472
2755 458801832
2756 458814360
2757 459169752
2758 459318360
2759 459456120
2760 459618744
2761 459732312
2762 459967032
2763 460116360
2764 460212120
2765 460465272
2766 460515672
2767 460661880
2768 460909800
2769 461034072
2770 461037000
2771 462099432
2772 462227880
2773 462237672
2774 462413592
2775 462429720
2776 463629000
2777 464012472
2778 464025720
2779 464072760
2780 464228472
2781 464360040
2782 465067992
2783 465404472
2784 465463272
2785 465686904
2786 465981672
2787 466059672
2788 466219272
2789 466532472
2790 466561272
2791 466759944
2792 467106840
2793 467192520
2794 467427720
2795 468147432
2796 468241320
2797 468386472
2798 468444600
2799 468497880
2800 468817272
2801 468946440
2802 469058472
2803 469132104
2804 469293672
2805 469343352
2806 469391400
2807 469400472
2808 469505640
2809 469509672
2810 469577352
2811 469761672
2812 470152344
2813 470258760
2814 470431992
2815 470457432
2816 470488680
2817 470533944
2818 470931672
2819 471030840
2820 471110952
2821 471129672
2822 471726840
2823 471796392
2824 472019160
2825 472303272
2826 472609272
2827 472706712
2828 472789704
2829 472891080
2830 472911672
2831 472927032
2832 473112360
2833 473306472
2834 473351400
2835 473365272
2836 473455560
2837 473832072
2838 474194520
2839 474426072
2840 474589992
2841 474868584
2842 475154472
2843 475395960
2844 475741272
2845 476108712
2846 476306184
2847 476393880
2848 476461272
2849 476792472
2850 476965272
2851 477121320
2852 477530904
2853 478059672
2854 478106280
2855 478154520
2856 478606440
2857 478629192
2858 478653672
2859 478855272
2860 479019960
2861 479589672
2862 479590680
2863 479614440
2864 479716680
2865 480135672
2866 480178920
2867 480274344
2868 480479880
2869 480639240
2870 480728520
2871 480732984
2872 480769704
2873 481480680
2874 481875384
2875 481948200
2876 482805432
2877 482941272
2878 483017112
2879 483103272
2880 483179400
2881 483228792
2882 483330504
2883 483391512
2884 483735672
2885 483861960
2886 483898440
2887 483932712
2888 484184280
2889 484276104
2890 484533480
2891 484573320
2892 484596072
2893 484863912
2894 485031672
2895 485281272
2896 485514840
2897 485756760
2898 486177672
2899 486306072
2900 486720840
2901 487225272
2902 487527672
2903 487731432
2904 487747992
2905 487854072
2906 488103672
2907 488520792
2908 488786232
2909 488899272
2910 488918280
2911 489038904
2912 489176472
2913 489321144
2914 489542472
2915 489806472
2916 489905784
2917 490108392
2918 491223240
2919 491270472
2920 491562072
2921 491658840
2922 491805432
2923 491979240
2924 491984472
2925 492339000
2926 492620472
2927 492623544
2928 492729672
2929 492825960
2930 493134600
2931 493676472
2932 494225064
2933 494287560
2934 494522760
2935 494641272
2936 494689080
2937 494834472
2938 494917464
2939 495095832
2940 495167544
2941 495171912
2942 496746984
2943 497235960
2944 497394072
2945 497407320
2946 497448072
2947 497480472
2948 497624184
2949 497697480
2950 498246984
2951 498464472
2952 498469080
2953 498493944
2954 499017864
2955 499100760
2956 499353672
2957 499386360
2958 499976472
2959 500369160
2960 500790504
2961 500894472
2962 501157272
2963 501540120
2964 501740472
2965 501930072
2966 501933432
2967 501980760
2968 502154472
2969 502244712
2970 502558200
2971 502669272
2972 503414472
2973 503445672
2974 504159672
2975 505317672
2976 505525080
2977 505620504
2978 506131560
2979 506136504
2980 506671032
2981 506882520
2982 506978472
2983 507288744
2984 507393000
2985 507465480
2986 507619560
2987 507907560
2988 508332360
2989 508552104
2990 508622232
2991 509011272
2992 509029752
2993 509088360
2994 509829672
2995 509919480
2996 510002472
2997 510174984
2998 510254280
2999 510320280
3000 510375144
3001 510375672
3002 510476232
3003 510500232
3004 511235832
3005 511312680
3006 511319880
3007 511700760
3008 511873320
3009 512007672
3010 512072472
3011 512079672
3012 512328600
3013 512440632
3014 512634600
3015 512635512
3016 512961672
3017 512971272
3018 513251400
3019 513594120
3020 513648552
3021 513757272
3022 513770184
3023 513780600
3024 513851832
3025 514307304
3026 514351272
3027 514460664
3028 514556760
3029 514729800
3030 514819272
3031 514939464
3032 514958952
3033 514970472
3034 515247672
3035 515354232
3036 515623032
3037 515852472
3038 515876232
3039 515913384
3040 515913672
3041 516511944
3042 516622152
3043 516668952
3044 517091544
3045 517489272
3046 517557240
3047 518020344
3048 518245272
3049 518485464
3050 518531160
3051 518614104
3052 518851272
3053 518976840
3054 519139272
3055 519396264
3056 519616440
3057 519895272
3058 519915864
3059 520290072
3060 520737240
3061 520758552
3062 521121000
3063 521835672
3064 521911272
3065 521924664
3066 521978472
3067 522891720
3068 522960552
3069 522981720
3070 523021752
3071 523297272
3072 523339272
3073 523730232
3074 524073144
3075 524138040
3076 524448072
3077 524725272
3078 524845272
3079 524866152
3080 524925720
3081 525178632
3082 525294072
3083 525979272
3084 526165032
3085 526241160
3086 526582200
3087 526659672
3088 526716072
3089 526913832
3090 527216472
3091 527328792
3092 527514264
3093 527545704
3094 527891832
3095 528137064
3096 528222744
3097 528287400
3098 528494472
3099 528588120
3100 528631272
3101 528984072
3102 529486920
3103 529537320
3104 529551432
3105 529633272
3106 529776072
3107 529899672
3108 529945320
3109 529988472
3110 530317272
3111 530410584
3112 530568072
3113 530655192
3114 530726952
3115 530813784
3116 530976744
3117 531361272
3118 531364152
3119 532153272
3120 532207272
3121 532367352
3122 532440552
3123 532505064
3124 532641960
3125 532813320
3126 533301672
3127 533325720
3128 533485992
3129 533763192
3130 533948472
3131 534055944
3132 534068472
3133 534244680
3134 534454680
3135 534748440
3136 534864072
3137 535021272
3138 535125000
3139 535227672
3140 535459080
3141 535479480
3142 535491000
3143 535789944
3144 535888152
3145 535902840
3146 536299464
3147 536317464
3148 536439672
3149 536472360
3150 536614344
3151 537117672
3152 538123800
3153 538239384
3154 538381272
3155 538725672
3156 538998552
3157 539133672
3158 539422920
3159 539425800
3160 539473512
3161 539500392
3162 539605560
3163 539641272
3164 539708472
3165 539713512
3166 539788680
3167 540010440
3168 540129384
3169 540500472
3170 540788472
3171 541003320
3172 541566360
3173 542052072
3174 542110440
3175 542387304
3176 542548440
3177 542565144
3178 542611272
3179 543609864
3180 543673272
3181 543683784
3182 543726072
3183 543867384
3184 543885672
3185 543998280
3186 544220184
3187 544223352
3188 544297800
3189 544375272
3190 544471320
3191 544580040
3192 544667400
3193 544747512
3194 545831640
3195 545857272
3196 546344040
3197 546542472
3198 546685272
3199 547124232
3200 547304472
3201 547462440
3202 547656552
3203 547903272
3204 548089704
3205 548090472
3206 548214552
3207 548533272
3208 548594904
3209 549042120
3210 549289272
3211 549522792
3212 549731592
3213 550119000
3214 550266840
3215 550303272
3216 550941672
3217 551002680
3218 551233992
3219 551710632
3220 551950344
3221 552453672
3222 552549720
3223 552640440
3224 552665784
3225 553331352
3226 553392072
3227 553505880
3228 553957464
3229 553968360
3230 554043672
3231 554416104
3232 554493720
3233 554608632
3234 554674152
3235 554685672
3236 554841144
3237 555197112
3238 555294744
3239 555626712
3240 556574472
3241 557492520
3242 557597352
3243 557599032
3244 557882472
3245 558199272
3246 558213672
3247 558222984
3248 558260472
3249 558332040
3250 558515640
3251 558553944
3252 558677064
3253 558756072
3254 558871464
3255 559108344
3256 559204632
3257 559538760
3258 559666440
3259 559890072
3260 559927512
3261 559950264
3262 560065800
3263 560175672
3264 560180280
3265 560292840
3266 560744472
3267 560931672
3268 561061272
3269 561126360
3270 561501864
3271 561683784
3272 561722184
3273 561761400
3274 562506552
3275 562670472
3276 563111784
3277 563362104
3278 563385960
3279 563670552
3280 564847560
3281 565512984
3282 565730472
3283 565776072
3284 566055144
3285 566065560
3286 566211240
3287 566378040
3288 566450280
3289 566573592
3290 566610552
3291 567134472
3292 567836472
3293 567844344
3294 568008072
3295 568571112
3296 568627560
3297 569031672
3298 569197272
3299 569407080
3300 569596152
3301 569630520
3302 570546120
3303 570561672
3304 570619272
3305 570788472
3306 571014072
3307 571446072
3308 571755384
3309 572019672
3310 572109672
3311 572175720
3312 572479272
3313 572505240
3314 572747592
3315 572970360
3316 573334920
3317 573498120
3318 573637464
3319 573686712
3320 573897720
3321 573930120
3322 574051464
3323 574181640
3324 574362504
3325 574372920
3326 574545384
3327 574579272
3328 575108760
3329 575125464
3330 575150472
3331 575276472
3332 575456520
3333 575730072
3334 576046440
3335 576231672
3336 576558072
3337 576797160
3338 576921384
3339 577460664
3340 577682280
3341 577782120
3342 577813800
3343 577965000
3344 578067672
3345 578484792
3346 578485272
3347 578732184
3348 578751672
3349 579261960
3350 579466584
3351 579503880
3352 579741672
3353 579754200
3354 579801672
3355 579892440
3356 580398312
3357 580967832
3358 581306520
3359 581342040
3360 581365512
3361 581547672
3362 581671272
3363 582028920
3364 582603672
3365 583489992
3366 583514472
3367 583823064
3368 584095080
3369 584235432
3370 584305320
3371 584317272
3372 584388072
3373 584785272
3374 584963064
3375 585103800
3376 585350472
3377 585404472
3378 585857640
3379 585933672
3380 586001640
3381 586030440
3382 586076472
3383 586299000
3384 586328472
3385 586423272
3386 586800552
3387 586977672
3388 587085384
3389 587094120
3390 587106072
3391 587193672
3392 587299320
3393 587478504
3394 587481192
3395 587590392
3396 587755272
3397 587875320
3398 588309672
3399 588475272
3400 588520440
3401 588580920
3402 588711960
3403 588821832
3404 589284072
3405 589442952
3406 589483272
3407 589568760
3408 589738440
3409 589801944
3410 589863672
3411 590022360
3412 590042520
3413 590295864
3414 590724072
3415 591177864
3416 591632280
3417 591711672
3418 592095672
3419 592605864
3420 592704072
3421 592888104
3422 593405400
3423 593478120
3424 593918472
3425 593972472
3426 594003960
3427 594098472
3428 594119880
3429 594447672
3430 594482760
3431 594860952
3432 594881352
3433 594994152
3434 595186344
3435 595456680
3436 595598952
3437 595685160
3438 595699272
3439 595785000
3440 595940664
3441 595963272
3442 596063784
3443 596354472
3444 597133800
3445 597789000
3446 598137240
3447 598328472
3448 598511592
3449 598523160
3450 598616472
3451 598631160
3452 598689000
3453 598771272
3454 598958472
3455 599092920
3456 599120472
3457 599475720
3458 599644152
3459 599829672
3460 599934360
3461 600098520
3462 600288840
3463 600333672
3464 600539160
3465 601002072
3466 601161672
3467 601429800
3468 601453272
3469 601552344
3470 601957272
3471 602057640
3472 602403960
3473 602617320
3474 602713944
3475 602855640
3476 603021672
3477 603037512
3478 603108984
3479 603620472
3480 603674712
3481 603852120
3482 603960744
3483 604160472
3484 604231464
3485 604437672
3486 604659672
3487 604819800
3488 605439720
3489 606230472
3490 606285432
3491 606422520
3492 606496440
3493 606960120
3494 607089672
3495 607284840
3496 607590120
3497 607597320
3498 607661352
3499 608038344
3500 608383272
3501 608473272
3502 608811480
3503 609073704
3504 609116760
3505 609372120
3506 609530520
3507 609823272
3508 609956712
3509 610083432
3510 610208472
3511 610209912
3512 610235112
3513 610247784
3514 610379400
3515 610430472
3516 610617144
3517 610885800
3518 610890312
3519 611571144
3520 611608680
3521 611917272
3522 612132600
3523 612141672
3524 612342360
3525 612858072
3526 612969480
3527 612980472
3528 613319592
3529 613705080
3530 613765272
3531 613820232
3532 613899864
3533 614065752
3534 614122392
3535 614170584
3536 614220552
3537 614328600
3538 614592264
3539 614688120
3540 614737272
3541 614895192
3542 615186264
3543 615330072
3544 615529272
3545 615544920
3546 616034280
3547 616069272
3548 616128744
3549 616375512
3550 616940472
3551 617051880
3552 617091672
3553 617239272
3554 617431080
3555 617673672
3556 617833272
3557 617902392
3558 617937672
3559 618047112
3560 618465240
3561 618663000
3562 618724920
3563 618818904
3564 618889944
3565 618913992
3566 618956472
3567 619153320
3568 619158600
3569 619365672
3570 619395480
3571 619647672
3572 619683912
3573 620655672
3574 621296472
3575 621701112
3576 621754344
3577 621843672
3578 621913800
3579 622322472
3580 622695000
3581 623141544
3582 623390952
3583 623881272
3584 624103272
3585 624138120
3586 624538632
3587 624697560
3588 625125960
3589 625371672
3590 625514040
3591 625689432
3592 625703304
3593 625940184
3594 625980744
3595 626084760
3596 626290200
3597 626528664
3598 626593800
3599 626775384
3600 626945400
3601 626959272
3602 627003864
3603 627020472
3604 627346920
3605 627434472
3606 627469320
3607 628039272
3608 628081272
3609 628095432
3610 628370472
3611 628377672
3612 628434072
3613 628538472
3614 628661352
3615 628747704
3616 629081112
3617 629379720
3618 629385672
3619 629442360
3620 629856072
3621 630386472
3622 630545880
3623 630847272
3624 631365672
3625 631419672
3626 631907112
3627 632021160
3628 632288280
3629 632340072
3630 632726472
3631 632867544
3632 633049752
3633 633119400
3634 633225672
3635 633295272
3636 633360072
3637 633434472
3638 633515544
3639 634066920
3640 634096920
3641 634296744
3642 634448952
3643 634482072
3644 635325240
3645 635401272
3646 635639400
3647 635644440
3648 635673000
3649 635810760
3650 636159672
3651 636166920
3652 636588072
3653 636618504
3654 636733272
3655 636747672
3656 636884280
3657 637520472
3658 637819704
3659 638072040
3660 638164440
3661 638850072
3662 639735672
3663 639920712
3664 640108200
3665 640130472
3666 640645272
3667 641111160
3668 641516184
3669 641600712
3670 641703672
3671 641755800
3672 642373272
3673 642655272
3674 642869112
3675 642885672
3676 643123272
3677 643814472
3678 644630760
3679 644977272
3680 645200472
3681 645646680
3682 645847752
3683 646142520
3684 646220712
3685 646646952
3686 646913352
3687 647006472
3688 647174280
3689 647261640
3690 647437032
3691 647709672
3692 647985720
3693 648102312
3694 648167160
3695 648252264
3696 648420312
3697 648457272
3698 648460152
3699 648726600
3700 649091352
3701 649287480
3702 649505640
3703 649567080
3704 649672104
3705 649782072
3706 649818072
3707 650019672
3708 650546472
3709 650772840
3710 650977320
3711 651056760
3712 651057672
3713 651175464
3714 652033080
3715 652042440
3716 652064520
3717 652121064
3718 652289880
3719 652363272
3720 652470312
3721 652572120
3722 653207832
3723 653367432
3724 653401512
3725 653544072
3726 653546520
3727 653741400
3728 653779560
3729 653838840
3730 653981160
3731 654371400
3732 654492792
3733 654805272
3734 654822072
3735 655040520
3736 655111944
3737 655830840
3738 655939272
3739 656061672
3740 656299272
3741 656550840
3742 656551272
3743 656622264
3744 656910552
3745 657013464
3746 657049320
3747 657109272
3748 657523272
3749 657563400
3750 657630360
3751 657710472
3752 657882840
3753 658027272
3754 658041192
3755 658047240
3756 658534440
3757 658553592
3758 658627272
3759 658850472
3760 659205432
3761 659215272
3762 659390472
3763 659534904
3764 659849544
3765 659875944
3766 659881800
3767 659992440
3768 660079272
3769 660086760
3770 660201240
3771 660295272
3772 660513672
3773 660673080
3774 660862920
3775 660981672
3776 661141272
3777 661370952
3778 661539960
3779 661711512
3780 662257560
3781 662869272
3782 663271032
3783 663319992
3784 663369480
3785 663474312
3786 663747672
3787 663768072
3788 664010472
3789 664142472
3790 664204104
3791 664593672
3792 664730184
3793 664776840
3794 664810920
3795 665092344
3796 665388264
3797 666058152
3798 666074520
3799 666331320
3800 666519672
3801 666915480
3802 667800072
3803 667983672
3804 668157672
3805 668204760
3806 668275272
3807 668871480
3808 669327672
3809 669534984
3810 670115880
3811 670317960
3812 670994472
3813 671162472
3814 671252472
3815 671347800
3816 671613672
3817 672179160
3818 672389832
3819 672750072
3820 672949272
3821 673007880
3822 673038072
3823 673377672
3824 673493160
3825 673629672
3826 673842600
3827 674083272
3828 674175672
3829 674244120
3830 674633352
3831 675213672
3832 675257160
3833 675468840
3834 675821640
3835 675835272
3836 676696584
3837 676806312
3838 676855272
3839 677091720
3840 677126664
3841 677172504
3842 677311560
3843 677515080
3844 678107784
3845 678420072
3846 678902232
3847 679166184
3848 679185192
3849 679204584
3850 679226472
3851 679843560
3852 680012040
3853 680082600
3854 680252904
3855 680283720
3856 680811672
3857 681236472
3858 681255432
3859 681325320
3860 681711384
3861 681720120
3862 682012440
3863 682031592
3864 682147272
3865 682347672
3866 682358184
3867 682358520
3868 682419000
3869 682498440
3870 682556760
3871 682709112
3872 682728984
3873 682802472
3874 683046072
3875 683143752
3876 683611464
3877 684493272
3878 684537480
3879 684664344
3880 684717672
3881 684723432
3882 685005672
3883 685138152
3884 685481304
3885 685513560
3886 685671480
3887 685681752
3888 686054520
3889 686089800
3890 687076632
3891 687435480
3892 687439272
3893 687456072
3894 687651672
3895 687778200
3896 687943272
3897 688197864
3898 688281672
3899 688413000
3900 688443912
3901 688567032
3902 689250312
3903 689468040
3904 689857272
3905 689857704
3906 689858472
3907 690251592
3908 690300072
3909 690499272
3910 690875784
3911 690959640
3912 691039272
3913 691168104
3914 691856472
3915 692052600
3916 692493960
3917 692666472
3918 693114312
3919 693525144
3920 693549000
3921 694002744
3922 694028280
3923 694301400
3924 694484760
3925 694592472
3926 694943400
3927 694951272
3928 695161272
3929 695164584
3930 695625672
3931 695726472
3932 696417672
3933 696420120
3934 696511272
3935 696523944
3936 696835272
3937 697065672
3938 697483704
3939 697540680
3940 697681272
3941 697717272
3942 697744440
3943 697784472
3944 697849464
3945 697998072
3946 698275272
3947 698429064
3948 698488392
3949 699067800
3950 699081672
3951 699397272
3952 699764472
3953 700094280
3954 701041464
3955 701221752
3956 701421480
3957 701448552
3958 701497272
3959 701548680
3960 701576712
3961 701844840
3962 702356232
3963 703213032
3964 703579944
3965 704012040
3966 704303352
3967 704640360
3968 704803320
3969 705111672
3970 705254904
3971 705386280
3972 705457992
3973 705633240
3974 705685320
3975 705775032
3976 705837864
3977 706022472
3978 706266072
3979 706602600
3980 707072664
3981 707194632
3982 707293944
3983 707335272
3984 707541384
3985 707637144
3986 707649672
3987 707863080
3988 708337272
3989 708589560
3990 708596760
3991 709046472
3992 709388472
3993 709790472
3994 709850952
3995 709902120
3996 709988232
3997 710496072
3998 710911272
3999 710953464
4000 711144072
4001 711347832
4002 711493752
4003 711806472
4004 711928632
4005 711947352
4006 712282680
4007 712366344
4008 712916472
4009 712969272
4010 713403912
4011 713662632
4012 713775672
4013 714061272
4014 714277272
4015 714360312
4016 714603240
4017 714606552
4018 715548792
4019 715656792
4020 715872360
4021 715932792
4022 715987080
4023 716198760
4024 716226552
4025 716640600
4026 716882952
4027 717035544
4028 717319512
4029 717805512
4030 718183272
4031 718581000
4032 718594632
4033 719000472
4034 719089704
4035 719222520
4036 719252472
4037 720049320
4038 720699672
4039 721203672
4040 721400952
4041 721448904
4042 721495272
4043 721755720
4044 721959672
4045 722013672
4046 722052072
4047 722095560
4048 722145960
4049 722214360
4050 722377272
4051 722384184
4052 722495064
4053 722718504
4054 722751672
4055 722845272
4056 722905464
4057 722910504
4058 723070440
4059 723122472
4060 723131640
4061 723788472
4062 723803112
4063 723914472
4064 724148184
4065 724280232
4066 724882680
4067 724949352
4068 724969272
4069 725630472
4070 725667672
4071 726023064
4072 726220440
4073 726350472
4074 726782760
4075 726959160
4076 727277592
4077 727291272
4078 727543272
4079 727570344
4080 727700040
4081 728108472
4082 728360472
4083 728421672
4084 728599752
4085 728711544
4086 728784072
4087 728828760
4088 728910072
4089 728979672
4090 729162072
4091 729257400
4092 729306792
4093 729345672
4094 729842040
4095 730051272
4096 730211160
4097 730441272
4098 730454472
4099 730538472
4100 730970904
4101 731185272
4102 731906760
4103 732266472
4104 732438984
4105 732627480
4106 733137672
4107 733260360
4108 733839672
4109 733986360
4110 734131560
4111 734218680
4112 734548392
4113 735282552
4114 735405672
4115 735527592
4116 735665592
4117 735708600
4118 735921480
4119 736208472
4120 736281144
4121 736611672
4122 736737672
4123 736976664
4124 737138280
4125 737218344
4126 737257752
4127 737850744
4128 738148392
4129 738205272
4130 738835752
4131 738973512
4132 739015272
4133 739106472
4134 739293240
4135 739477272
4136 739691400
4137 739823400
4138 740132472
4139 740172360
4140 740297352
4141 741014472
4142 741705672
4143 741716472
4144 741888072
4145 742123272
4146 742164840
4147 742263480
4148 742341672
4149 742347432
4150 742500840
4151 743014152
4152 743058264
4153 743127672
4154 743541672
4155 743795784
4156 743853672
4157 744159864
4158 744242472
4159 744619320
4160 744645672
4161 745282584
4162 745323672
4163 745822200
4164 746198040
4165 746460072
4166 746524440
4167 746748552
4168 746802072
4169 746912520
4170 746974344
4171 747090072
4172 747378072
4173 747753672
4174 748180584
4175 748851240
4176 748851912
4177 749096184
4178 749305272
4179 749345832
4180 749377272
4181 749514360
4182 749628552
4183 749769672
4184 749845272
4185 749874360
4186 749980200
4187 750158280
4188 750237240
4189 750349944
4190 750585144
4191 750643704
4192 751515912
4193 751534200
4194 751573272
4195 751575432
4196 751668600
4197 751752072
4198 751867272
4199 752036664
4200 752253672
4201 752372184
4202 752437800
4203 752606472
4204 752743272
4205 752809320
4206 752821752
4207 752910600
4208 752933880
4209 752936472
4210 752941272
4211 753121800
4212 753941304
4213 754056360
4214 754576680
4215 754624920
4216 754629672
4217 754683672
4218 754905960
4219 755019864
4220 755547480
4221 755655672
4222 755674392
4223 755853672
4224 756181272
4225 756483912
4226 756554904
4227 756605784
4228 756703560
4229 756775800
4230 757441272
4231 757544232
4232 757978344
4233 758109144
4234 758318472
4235 758595672
4236 758600472
4237 758673192
4238 758854200
4239 758986344
4240 759047160
4241 759135000
4242 759150072
4243 759472392
4244 759541080
4245 760370472
4246 760614264
4247 761025672
4248 761063304
4249 761401272
4250 761671992
4251 761832120
4252 762252264
4253 762289560
4254 762611112
4255 762896712
4256 763518792
4257 763719672
4258 763903272
4259 763994280
4260 764049864
4261 764133672
4262 764141592
4263 764169672
4264 764172072
4265 764713800
4266 764738472
4267 764862984
4268 764884920
4269 765037272
4270 765128952
4271 765591672
4272 765710472
4273 766418472
4274 766494072
4275 766723080
4276 767051832
4277 767271432
4278 767625672
4279 767691432
4280 768715560
4281 768860472
4282 768918504
4283 768932280
4284 769154040
4285 769365720
4286 769970280
4287 770429160
4288 770661480
4289 770774472
4290 770943240
4291 771103272
4292 771112920
4293 771499080
4294 771728952
4295 772046184
4296 772233672
4297 772453560
4298 772550472
4299 772551480
4300 772741272
4301 772989672
4302 773076600
4303 773623272
4304 773683560
4305 773733864
4306 773829480
4307 774060312
4308 774295992
4309 774429240
4310 774476472
4311 774692472
4312 774702840
4313 774932472
4314 775346520
4315 775383240
4316 775736472
4317 775769880
4318 775776072
4319 775879272
4320 776106552
4321 776193912
4322 777070632
4323 777103464
4324 777260520
4325 777289032
4326 777759480
4327 777830904
4328 778181544
4329 778861272
4330 779082600
4331 779102472
4332 779219064
4333 779380632
4334 779468472
4335 779544360
4336 779545272
4337 779637672
4338 779653272
4339 779721672
4340 780179544
4341 780243912
4342 780373080
4343 780529752
4344 780532680
4345 780603240
4346 780807864
4347 781044264
4348 781083480
4349 781200072
4350 781874472
4351 782073480
4352 782123160
4353 782196984
4354 782578920
4355 782939880
4356 782997480
4357 783033384
4358 783565752
4359 783615720
4360 784063272
4361 784074792
4362 784138440
4363 784300584
4364 784340472
4365 784359720
4366 784505880
4367 784923672
4368 784944360
4369 785196360
4370 785296920
4371 785445240
4372 785642760
4373 786151944
4374 786164040
4375 786183672
4376 786309672
4377 786325464
4378 786565560
4379 786572280
4380 787166472
4381 787385160
4382 787449000
4383 787482840
4384 787836312
4385 787906200
4386 787973400
4387 788048472
4388 788117880
4389 788153160
4390 788185272
4391 788226744
4392 788338632
4393 788562840
4394 788823480
4395 789183000
4396 789621672
4397 789985800
4398 790165800
4399 790280472
4400 790305672
4401 790468200
4402 790569000
4403 790678200
4404 790846680
4405 792135864
4406 792330312
4407 792566184
4408 793447272
4409 793633464
4410 793926072
4411 794056104
4412 794239320
4413 794857032
4414 794915352
4415 794987832
4416 795186072
4417 795205272
4418 795866040
4419 795929544
4420 795945000
4421 796165272
4422 796443960
4423 796740552
4424 796966104
4425 797131272
4426 797271672
4427 798103272
4428 798621672
4429 799109352
4430 799309800
4431 799920552
4432 800070744
4433 800180472
4434 800209944
4435 800376600
4436 800604120
4437 801432072
4438 801470520
4439 801631272
4440 801818472
4441 802183944
4442 802562184
4443 802580472
4444 802971432
4445 803258472
4446 803521272
4447 803567160
4448 803734344
4449 803834712
4450 803848584
4451 804181512
4452 804275112
4453 804281160
4454 804328392
4455 804452520
4456 804600552
4457 804615672
4458 804691272
4459 804735432
4460 804896472
4461 804932472
4462 805023720
4463 805258152
4464 805484712
4465 805487160
4466 805687992
4467 805777272
4468 805988232
4469 806354472
4470 806511672
4471 807306840
4472 807425352
4473 807453000
4474 807559272
4475 807822072
4476 807998664
4477 808129272
4478 808219272
4479 809278632
4480 809392392
4481 809511240
4482 809539992
4483 809737272
4484 809739144
4485 809785944
4486 809850360
4487 810619560
4488 810781272
4489 810855432
4490 810961272
4491 811174680
4492 811251144
4493 811430472
4494 811476072
4495 811506504
4496 811777320
4497 812140200
4498 812320632
4499 812665272
4500 812708472
4501 812714760
4502 812719272
4503 812895672
4504 813413640
4505 813441864
4506 813521352
4507 813872280
4508 813917640
4509 814155672
4510 814260360
4511 814764792
4512 814909512
4513 815327832
4514 815436120
4515 815455272
4516 815701464
4517 815739672
4518 816429240
4519 816520440
4520 816535272
4521 816736680
4522 816784392
4523 817232472
4524 817271400
4525 817381272
4526 817647912
4527 818078472
4528 818655384
4529 819164280
4530 819400584
4531 819503640
4532 819806472
4533 820214472
4534 820231272
4535 820474920
4536 820653672
4537 820995672
4538 821338680
4539 821394072
4540 821422200
4541 821692440
4542 821873784
4543 821995272
4544 822104472
4545 822477672
4546 822511944
4547 822524472
4548 822792744
4549 823006632
4550 823433832
4551 823725480
4552 823754712
4553 823770360
4554 823784472
4555 824221272
4556 824350440
4557 824583864
4558 824632680
4559 824695704
4560 825114360
4561 825434472
4562 825457032
4563 825556440
4564 825621192
4565 825655800
4566 825895272
4567 825999672
4568 826291272
4569 826579272
4570 826723944
4571 826781400
4572 826901784
4573 826920072
4574 827240472
4575 827366040
4576 827596200
4577 828139512
4578 828190584
4579 828297192
4580 828388584
4581 828389160
4582 828606360
4583 828636120
4584 828651720
4585 828944472
4586 829024200
4587 829034472
4588 829149672
4589 829158264
4590 829744920
4591 830092104
4592 830172312
4593 830329464
4594 830431560
4595 830628792
4596 830647272
4597 830762472
4598 830806680
4599 830949672
4600 831474072
4601 831542184
4602 831713544
4603 831865080
4604 831974952
4605 832006200
4606 832096152
4607 832147464
4608 832394280
4609 832802520
4610 833064600
4611 833433672
4612 833519064
4613 834080472
4614 834656664
4615 835152840
4616 835421304
4617 835485672
4618 835791672
4619 835844664
4620 836029272
4621 836236200
4622 836359272
4623 836567064
4624 836583672
4625 836663160
4626 836843592
4627 836875272
4628 837030312
4629 837201432
4630 837349464
4631 837366600
4632 837410760
4633 837592632
4634 837804360
4635 837879672
4636 838173144
4637 838190952
4638 838462680
4639 838764072
4640 839103672
4641 839145672
4642 839395272
4643 840083304
4644 840486600
4645 840533544
4646 840579240
4647 841271400
4648 841355400
4649 841426632
4650 842220072
4651 842427000
4652 842729544
4653 842793672
4654 842838840
4655 842992920
4656 843264072
4657 843300072
4658 843480072
4659 843789720
4660 844031304
4661 844195752
4662 844305672
4663 844391160
4664 844395672
4665 844770504
4666 844841064
4667 844956072
4668 845605272
4669 845969832
4670 846206472
4671 846217800
4672 846378840
4673 846854040
4674 847112760
4675 847128312
4676 847442712
4677 847500840
4678 847685784
4679 847765944
4680 847823160
4681 847852392
4682 847952760
4683 848160552
4684 848209032
4685 848322840
4686 849169272
4687 849466344
4688 849684072
4689 849778680
4690 849824280
4691 849851400
4692 850001160
4693 850101672
4694 850742040
4695 850839912
4696 850959480
4697 851029272
4698 851245704
4699 851516712
4700 851558040
4701 851621880
4702 852157272
4703 852295320
4704 852495672
4705 852637944
4706 852701880
4707 852835032
4708 853089672
4709 853565112
4710 853598232
4711 853627464
4712 853898760
4713 853927992
4714 854396472
4715 854540472
4716 854743320
4717 854865720
4718 855185832
4719 855247800
4720 855404712
4721 855609672
4722 855684120
4723 855842472
4724 856221480
4725 856314120
4726 857090280
4727 857163672
4728 857968920
4729 858403272
4730 858560472
4731 858819000
4732 858984120
4733 859417272
4734 860257512
4735 860315304
4736 860364840
4737 860912472
4738 861067272
4739 861069864
4740 861185304
4741 861253320
4742 861531672
4743 862071672
4744 862125672
4745 862268472
4746 862861080
4747 863010072
4748 863169672
4749 863251272
4750 863754840
4751 863865480
4752 863931384
4753 863972472
4754 864181560
4755 864257160
4756 864281784
4757 864470520
4758 864513864
4759 864648072
4760 864855432
4761 864985800
4762 865050120
4763 865187064
4764 865837272
4765 866496600
4766 866708472
4767 867065592
4768 867131064
4769 867193464
4770 867291672
4771 867373320
4772 867675432
4773 867723240
4774 867777672
4775 868056840
4776 868069272
4777 868436472
4778 868547352
4779 868652472
4780 868699992
4781 869052792
4782 869066472
4783 870085272
4784 870408984
4785 871007592
4786 871496472
4787 871585560
4788 871618584
4789 871905672
4790 872439672
4791 872514360
4792 872645544
4793 872826840
4794 872857272
4795 872861112
4796 872928072
4797 872966280
4798 873206184
4799 873216072
4800 873321672
4801 873335880
4802 873417864
4803 873540360
4804 873658440
4805 873871320
4806 873885240
4807 873981144
4808 873988200
4809 873993672
4810 874006200
4811 874130520
4812 874341432
4813 874589160
4814 874625544
4815 874640712
4816 874836120
4817 874973352
4818 875385480
4819 875931672
4820 876480840
4821 876517272
4822 876688920
4823 876741672
4824 877121112
4825 877191672
4826 877681272
4827 877951272
4828 878325672
4829 878349144
4830 878367672
4831 878625192
4832 878947272
4833 879488280
4834 880089672
4835 880201272
4836 880499064
4837 880536360
4838 880685400
4839 880723272
4840 880740072
4841 881034840
4842 881323752
4843 881496072
4844 881670504
4845 881727672
4846 881737560
4847 881883480
4848 882019272
4849 882026184
4850 882030792
4851 882034920
4852 882273672
4853 882318504
4854 882625944
4855 882783864
4856 883113672
4857 883657272
4858 883821240
4859 883945272
4860 883974072
4861 884211672
4862 884340120
4863 884362392
4864 884923272
4865 884927880
4866 885210120
4867 885384840
4868 885436920
4869 885690072
4870 885863880
4871 886296600
4872 886734552
4873 886893672
4874 887256120
4875 887707944
4876 887935752
4877 888030840
4878 888190344
4879 888722472
4880 888804072
4881 888877560
4882 888999672
4883 889246152
4884 889496040
4885 889730472
4886 889865400
4887 890009112
4888 890184600
4889 890370504
4890 890712792
4891 891003864
4892 891113112
4893 891114984
4894 891377640
4895 891519672
4896 891658440
4897 892336680
4898 892584072
4899 892735272
4900 892884600
4901 893109000
4902 893727720
4903 893816760
4904 893871192
4905 894134280
4906 894258072
4907 894332520
4908 894435240
4909 894655272
4910 895010472
4911 895196280
4912 895608792
4913 895636200
4914 895732632
4915 895868472
4916 895929672
4917 895942440
4918 896049144
4919 896270232
4920 896533560
4921 896631192
4922 896763672
4923 896834232
4924 896947752
4925 896979672
4926 897175272
4927 897261960
4928 897427272
4929 897485880
4930 897937464
4931 898359672
4932 898476264
4933 898477272
4934 898509000
4935 898866072
4936 899171064
4937 899779080
4938 899814360
4939 899884920
4940 899936472
4941 900303240
4942 900325080
4943 900673272
4944 900697032
4945 900703080
4946 900753672
4947 900855480
4948 901236744
4949 901274472
4950 901387272
4951 901639272
4952 901677384
4953 902101080
4954 902206200
4955 902312184
4956 902412072
4957 902911944
4958 902936280
4959 903446184
4960 903691272
4961 903952200
4962 904189080
4963 904252584
4964 904724472
4965 904922904
4966 905033880
4967 905168712
4968 907326120
4969 907541784
4970 907561272
4971 907698600
4972 908000472
4973 908082792
4974 908705592
4975 908828472
4976 908894280
4977 908969160
4978 909224472
4979 909307272
4980 909375912
4981 909554760
4982 909611784
4983 910293672
4984 910723752
4985 910980984
4986 911137752
4987 911253672
4988 911798280
4989 911845512
4990 911875080
4991 911965464
4992 912093480
4993 912123720
4994 912158472
4995 912301992
4996 912525672
4997 912618072
4998 912817560
4999 912839160
5000 912896184
5001 913114920
5002 913319544
5003 913449672
5004 913530360
5005 913765512
5006 913939320
5007 914110392
5008 914208264
5009 914243544
5010 914689272
5011 915183000
5012 915308472
5013 915585672
5014 915689352
5015 915838200
5016 915879672
5017 915911112
5018 915913272
5019 916106472
5020 916307064
5021 916604472
5022 916681752
5023 916886520
5024 917108472
5025 917137512
5026 917226552
5027 917341464
5028 917623272
5029 917802360
5030 917849160
5031 918062040
5032 918555672
5033 918738072
5034 918746472
5035 918839880
5036 918902520
5037 919150632
5038 919365672
5039 919617672
5040 919875672
5041 919881432
5042 920228040
5043 920341944
5044 920472312
5045 920551944
5046 920750184
5047 920937144
5048 920942472
5049 920948760
5050 921185400
5051 921236472
5052 921373320
5053 921529272
5054 921931560
5055 921938472
5056 921962280
5057 922055544
5058 922412712
5059 922640664
5060 922957272
5061 923257272
5062 923380392
5063 923395080
5064 924190632
5065 924326472
5066 924506184
5067 924697272
5068 924877080
5069 924884472
5070 925189752
5071 925224552
5072 925234632
5073 925531560
5074 925777272
5075 925821192
5076 926503272
5077 927011880
5078 927158520
5079 927267672
5080 927714312
5081 927715320
5082 927998040
5083 928201320
5084 928214760
5085 928358712
5086 928429272
5087 928631880
5088 928678440
5089 928689960
5090 928736472
5091 928922040
5092 928925640
5093 929340360
5094 929395272
5095 929420472
5096 929541720
5097 929689464
5098 929931192
5099 929965800
5100 929975400
5101 930232440
5102 930315672
5103 930501000
5104 930669240
5105 931147272
5106 931308120
5107 931318632
5108 931742760
5109 931870440
5110 931883880
5111 931971000
5112 932509272
5113 932617272
5114 933005304
5115 933051672
5116 933327000
5117 933334392
5118 933494520
5119 933553272
5120 933858552
5121 933993720
5122 934203384
5123 934663944
5124 934687272
5125 935132472
5126 935233560
5127 935331672
5128 935489160
5129 935622072
5130 935651784
5131 935694792
5132 935754600
5133 935800200
5134 935870520
5135 935955864
5136 936037272
5137 936196680
5138 936322104
5139 936505560
5140 936640152
5141 936671544
5142 936849144
5143 936851304
5144 936853560
5145 937011384
5146 937170072
5147 938011032
5148 938160360
5149 938669160
5150 938793864
5151 938837880
5152 938939880
5153 938983752
5154 939045720
5155 939150360
5156 939399192
5157 939441672
5158 939567720
5159 939716040
5160 939943272
5161 940162680
5162 940443672
5163 940460472
5164 940517064
5165 940533960
5166 940775112
5167 940915560
5168 941023272
5169 941269032
5170 941331672
5171 941489112
5172 941493960
5173 941792184
5174 942174120
5175 942199752
5176 942512232
5177 942566472
5178 942583944
5179 943453272
5180 943478472
5181 943591800
5182 943689672
5183 943759704
5184 943845672
5185 943885272
5186 944204472
5187 944344200
5188 944442072
5189 944504184
5190 944691192
5191 944829720
5192 944907672
5193 945795432
5194 945962472
5195 946066440
5196 946607304
5197 946770120
5198 947220264
5199 947341704
5200 947715672
5201 947734200
5202 947751912
5203 947905272
5204 948399960
5205 948542664
5206 948606264
5207 949010952
5208 949314072
5209 949736232
5210 949754280
5211 949982664
5212 950017464
5213 950035080
5214 950268792
5215 950578920
5216 950815272
5217 951409272
5218 951876072
5219 952276392
5220 952453800
5221 952480152
5222 952844232
5223 952889160
5224 953079672
5225 953216712
5226 953345640
5227 954069960
5228 954267672
5229 954388344
5230 954450984
5231 954931464
5232 955089864
5233 955196904
5234 955450920
5235 955946712
5236 956073960
5237 956516472
5238 956701272
5239 956888472
5240 956995272
5241 957060552
5242 957161160
5243 957168072
5244 957272904
5245 957633672
5246 958091544
5247 958404360
5248 958554072
5249 958640904
5250 958642920
5251 958686600
5252 958807080
5253 958889880
5254 958952712
5255 958993272
5256 959055672
5257 959098440
5258 959341464
5259 959397672
5260 959675112
5261 960109752
5262 960254472
5263 960432312
5264 960588360
5265 960603672
5266 960673032
5267 960919992
5268 960933960
5269 961060440
5270 961109832
5271 961198200
5272 961590312
5273 961843080
5274 962148312
5275 962200632
5276 962260632
5277 962389080
5278 962677944
5279 962750520
5280 962770680
5281 962964072
5282 963191352
5283 963518472
5284 963922392
5285 964016472
5286 964030152
5287 964664472
5288 964764504
5289 965290680
5290 966042120
5291 966119112
5292 966190152
5293 966680472
5294 966708072
5295 967166904
5296 967752072
5297 968167080
5298 968192472
5299 968571480
5300 968599944
5301 968685960
5302 968822472
5303 968928984
5304 969085272
5305 969206760
5306 969280680
5307 969443784
5308 969614472
5309 969804072
5310 970256232
5311 970291272
5312 970460904
5313 970776072
5314 970967064
5315 971115384
5316 971118072
5317 971187672
5318 971490072
5319 971501304
5320 971513064
5321 971859672
5322 971891064
5323 971954472
5324 972241272
5325 972314904
5326 972399432
5327 972585000
5328 972788184
5329 972825672
5330 973177752
5331 973296072
5332 973373160
5333 973419672
5334 973554744
5335 973712520
5336 973743672
5337 973988472
5338 974118600
5339 974589672
5340 974701272
5341 975175272
5342 975461400
5343 975518184
5344 976230840
5345 976451592
5346 976457880
5347 976499400
5348 976615992
5349 976768344
5350 977082600
5351 977882760
5352 978204744
5353 978380472
5354 978559992
5355 978657672
5356 979049640
5357 979380072
5358 979516920
5359 980076360
5360 980223672
5361 980229672
5362 980542920
5363 980558184
5364 980940360
5365 981058680
5366 981184152
5367 981292680
5368 981297912
5369 981482184
5370 981559272
5371 981653544
5372 981664632
5373 981680760
5374 981756360
5375 981842472
5376 982122600
5377 982305720
5378 982397784
5379 982472472
5380 982670472
5381 982754280
5382 984486360
5383 984761352
5384 984945864
5385 985066200
5386 985215672
5387 985742472
5388 986005272
5389 986235912
5390 987133032
5391 987407544
5392 987515064
5393 987767544
5394 987984360
5395 988161672
5396 988239720
5397 988249080
5398 988466472
5399 988712472
5400 989037480
5401 989044680
5402 989235192
5403 989265384
5404 989385672
5405 989390280
5406 989709672
5407 989745672
5408 989982072
5409 990028920
5410 990404472
5411 990612072
5412 991095960
5413 991315560
5414 991364472
5415 992001000
5416 992487864
5417 992521560
5418 992579592
5419 992618760
5420 992637144
5421 992674152
5422 992744472
5423 993061272
5424 993307032
5425 993603240
5426 994590360
5427 995041272
5428 995246760
5429 995493720
5430 995761272
5431 995936232
5432 996276072
5433 997203432
5434 997370472
5435 997399512
5436 997991544
5437 998191272
5438 998334360
5439 998981544
5440 999146712
5441 999516312
5442 999651384
5443 999810120
5444 1000610472
5445 1000926840
5446 1000976904
5447 1001171880
5448 1001654472
5449 1002126360
5450 1002197592
5451 1002309672
5452 1002725784
5453 1002809640
5454 1003210200
5455 1003569672
5456 1003575000
5457 1003590072
5458 1003629960
5459 1003753800
5460 1003945800
5461 1003953864
5462 1003992840
5463 1004094840
5464 1004204520
5465 1004252472
5466 1004596632
5467 1004839032
5468 1004871144
5469 1005161112
5470 1005305592
5471 1005400344
5472 1005690312
5473 1005724920
5474 1005867720
5475 1006268472
5476 1006387272
5477 1006404312
5478 1006946472
5479 1006953912
5480 1007126472
5481 1007223672
5482 1007727672
5483 1007748072
5484 1007807112
5485 1008211080
5486 1008284232
5487 1008491544
5488 1008619560
5489 1008651672
5490 1009466472
5491 1009509960
5492 1009545672
5493 1009883784
5494 1010597112
5495 1010811960
5496 1010852472
5497 1010913672
5498 1010942472
5499 1011048312
5500 1011249192
5501 1011263880
5502 1011293784
5503 1011899592
5504 1012110600
5505 1012235592
5506 1012358232
5507 1012435272
5508 1012720104
5509 1012910472
5510 1012965912
5511 1013126664
5512 1013128344
5513 1013383272
5514 1013627640
5515 1013713992
5516 1013904072
5517 1014085944
5518 1014730392
5519 1014737112
5520 1014822120
5521 1014985272
5522 1015113672
5523 1015186440
5524 1015507080
5525 1015856472
5526 1015881672
5527 1016171832
5528 1016932680
5529 1017270072
5530 1017298440
5531 1017469272
5532 1017650232
5533 1017738072
5534 1017757272
5535 1018001352
5536 1018490904
5537 1018527960
5538 1018532232
5539 1018722744
5540 1018801272
5541 1019011944
5542 1019088072
5543 1019461080
5544 1019462472
5545 1020398040
5546 1020455832
5547 1020737304
5548 1020781272
5549 1020785880
5550 1020824760
5551 1020921672
5552 1021483512
5553 1021515672
5554 1021842360
5555 1022052600
5556 1022624472
5557 1022809752
5558 1023497784
5559 1023712344
5560 1023783672
5561 1023825672
5562 1023984072
5563 1024000632
5564 1024042104
5565 1024077240
5566 1024135272
5567 1024193160
5568 1024362840
5569 1024539672
5570 1024951512
5571 1025177304
5572 1025350200
5573 1025439912
5574 1025460072
5575 1025800920
5576 1025925672
5577 1025962200
5578 1026087672
5579 1026131304
5580 1026163272
5581 1026540792
5582 1026612840
5583 1027009272
5584 1027574472
5585 1027705032
5586 1027799544
5587 1027837272
5588 1027911000
5589 1027941672
5590 1027947960
5591 1027988472
5592 1028048520
5593 1028200440
5594 1028870472
5595 1029279672
5596 1029627720
5597 1029817272
5598 1029887544
5599 1029924072
5600 1031010744
5601 1031163672
5602 1031262744
5603 1031303592
5604 1031415672
5605 1031832792
5606 1032020472
5607 1032079080
5608 1032207672
5609 1032212280
5610 1032325272
5611 1032379272
5612 1032428520
5613 1032841272
5614 1032906072
5615 1032995352
5616 1033297992
5617 1033377384
5618 1033455000
5619 1033795272
5620 1033912632
5621 1034160600
5622 1034240232
5623 1034407560
5624 1034510472
5625 1034581512
5626 1034821272
5627 1034830920
5628 1035390600
5629 1035487272
5630 1035775272
5631 1035854040
5632 1036736472
5633 1036775880
5634 1037071272
5635 1037161272
5636 1037406360
5637 1037673480
5638 1038475272
5639 1038884760
5640 1038889272
5641 1038966552
5642 1039135512
5643 1039281672
5644 1039443672
5645 1039519272
5646 1040023272
5647 1040289672
5648 1040468664
5649 1041134760
5650 1041147720
5651 1041249960
5652 1041423672
5653 1041463560
5654 1041657672
5655 1041839400
5656 1041925752
5657 1041938472
5658 1042167240
5659 1042257672
5660 1042311960
5661 1042507512
5662 1042543272
5663 1043007672
5664 1043214120
5665 1043497272
5666 1043716104
5667 1043864280
5668 1044083880
5669 1044555672
5670 1044774072
5671 1044956280
5672 1045240200
5673 1045683480
5674 1045930680
5675 1045993944
5676 1046294472
5677 1046438472
5678 1046593512
5679 1047119304
5680 1047144312
5681 1047378072
5682 1047531720
5683 1048014072
5684 1048025640
5685 1048353912
5686 1048604472
5687 1048853064
5688 1049216520
5689 1049552904
5690 1049824584
5691 1049930760
5692 1050360600
5693 1050656760
5694 1050685752
5695 1050701880
5696 1051023864
5697 1051521384
5698 1051808472
5699 1051957272
5700 1052348952
5701 1052969112
5702 1053443784
5703 1054090632
5704 1054156152
5705 1054555272
5706 1054605384
5707 1054634952
5708 1054920600
5709 1055006472
5710 1055431272
5711 1055458152
5712 1055822520
5713 1055834472
5714 1056147960
5715 1056193272
5716 1056488664
5717 1057346760
5718 1057371672
5719 1057711320
5720 1057956600
5721 1058610072
5722 1058644920
5723 1058702040
5724 1058724072
5725 1058875272
5726 1058925144
5727 1059087672
5728 1059477672
5729 1059614472
5730 1059967272
5731 1059984072
5732 1060358520
5733 1060411080
5734 1060690152
5735 1060744152
5736 1061136264
5737 1061767272
5738 1062533640
5739 1062725544
5740 1062843672
5741 1063019640
5742 1063020312
5743 1063337160
5744 1063677672
5745 1063689960
5746 1063771032
5747 1063827720
5748 1063876104
5749 1063965144
5750 1063980072
5751 1064061912
5752 1064078472
5753 1064232072
5754 1064276472
5755 1064480472
5756 1064706552
5757 1064760312
5758 1064901672
5759 1065139560
5760 1065175752
5761 1065259272
5762 1065425400
5763 1065565080
5764 1065708072
5765 1065750312
5766 1065819672
5767 1065983832
5768 1066267272
5769 1066353672
5770 1066456152
5771 1066695480
5772 1066875672
5773 1067365560
5774 1068064680
5775 1068330312
5776 1068999672
5777 1069603560
5778 1069676280
5779 1069736472
5780 1069748472
5781 1069776120
5782 1069856904
5783 1069943592
5784 1069971672
5785 1070163432
5786 1070183160
5787 1070604072
5788 1070643672
5789 1070717400
5790 1071034920
5791 1071161352
5792 1071450072
5793 1071658200
5794 1071690600
5795 1072267032
5796 1072419672
5797 1072895832
5798 1072953720
5799 1072995672
5800 1073197512
5801 1073377272
5802 1073453592
5803 1073661672
5804 1073726472
5805 1073754360
5806 1073917272
5807 1074133272
5808 1074553272
5809 1074817944
5810 1074879864
5811 1074910680
5812 1075339944
5813 1075364472
5814 1075678104
5815 1075885272
5816 1075996152
5817 1076726520
5818 1076822280
5819 1077445800
5820 1077642360
5821 1078331592
5822 1078683960
5823 1078794072
5824 1078856472
5825 1078860360
5826 1079121672
5827 1079213832
5828 1079295672
5829 1079442072
5830 1079602920
5831 1079841240
5832 1080284664
5833 1080626040
5834 1080774120
5835 1080782472
5836 1080888120
5837 1081092744
5838 1081116264
5839 1081250472
5840 1081423272
5841 1081441272
5842 1081771704
5843 1081994904
5844 1082001720
5845 1082120472
5846 1082134344
5847 1082171640
5848 1082459592
5849 1082466072
5850 1082611272
5851 1082670264
5852 1082775672
5853 1082847000
5854 1083549240
5855 1084174200
5856 1084226952
5857 1084305672
5858 1084819320
5859 1084916280
5860 1085205720
5861 1085221272
5862 1085246040
5863 1085354472
5864 1085358744
5865 1085948280
5866 1085951640
5867 1086038760
5868 1086463512
5869 1086473784
5870 1086516552
5871 1086567960
5872 1086624072
5873 1086765672
5874 1087107672
5875 1087863912
5876 1087955112
5877 1088006472
5878 1088255592
5879 1088557464
5880 1088835672
5881 1089056280
5882 1089123480
5883 1089289272
5884 1089356232
5885 1090000200
5886 1090312920
5887 1090418760
5888 1090602072
5889 1090610472
5890 1090640520
5891 1090672104
5892 1090951560
5893 1091355672
5894 1091596440
5895 1091648520
5896 1091664840
5897 1091835192
5898 1091901672
5899 1091935272
5900 1092059112
5901 1092856440
5902 1093101240
5903 1093148760
5904 1093665864
5905 1094076120
5906 1094127672
5907 1094418072
5908 1094595672
5909 1094821272
5910 1094945112
5911 1095182472
5912 1095186360
5913 1095513672
5914 1095669000
5915 1095794760
5916 1096003272
5917 1096784472
5918 1096940952
5919 1097342472
5920 1097438952
5921 1097672472
5922 1097716152
5923 1097763384
5924 1097787672
5925 1098098040
5926 1098422472
5927 1098680472
5928 1098680664
5929 1098867672
5930 1098987672
5931 1099375272
5932 1099499832
5933 1099573272
5934 1100109000
5935 1100292264
5936 1100417112
5937 1100452392
5938 1100491032
5939 1100629272
5940 1100917272
5941 1101015192
5942 1101403944
5943 1101458712
5944 1101534984
5945 1101561672
5946 1101616392
5947 1101679464
5948 1101698472
5949 1101996072
5950 1102361400
5951 1102645272
5952 1103432184
5953 1103433240
5954 1103755944
5955 1103799960
5956 1103909832
5957 1103923944
5958 1103983752
5959 1104269160
5960 1104686472
5961 1104713544
5962 1104903192
5963 1104963672
5964 1105249800
5965 1105506072
5966 1105669272
5967 1105683672
5968 1105715160
5969 1105837272
5970 1105906680
5971 1106007240
5972 1106097192
5973 1106219160
5974 1106234472
5975 1106316072
5976 1106416152
5977 1106565672
5978 1107027912
5979 1107136440
5980 1107227160
5981 1108209960
5982 1108754472
5983 1108829880
5984 1108919592
5985 1109109240
5986 1109323272
5987 1110115272
5988 1110740232
5989 1111131144
5990 1111172904
5991 1111328472
5992 1112184840
5993 1112364120
5994 1113088680
5995 1113349080
5996 1113635160
5997 1113931272
5998 1114493160
5999 1114539672
6000 1114556664
6001 1115121672
6002 1115867880
6003 1116051672
6004 1116284472
6005 1116451272
6006 1117599672
6007 1118303400
6008 1118373960
6009 1118666280
6010 1118906760
6011 1118952552
6012 1119166680
6013 1119266472
6014 1119787272
6015 1119815064
6016 1119891000
6017 1119896472
6018 1119925944
6019 1120029672
6020 1120105272
6021 1120184472
6022 1120363560
6023 1120596600
6024 1120623672
6025 1121058840
6026 1121730600
6027 1121732472
6028 1121940072
6029 1122132792
6030 1122139272
6031 1122253560
6032 1122408072
6033 1122566904
6034 1122639480
6035 1122720120
6036 1122861000
6037 1123003272
6038 1123161384
6039 1123207320
6040 1123354632
6041 1123481304
6042 1123524360
6043 1123573032
6044 1123660584
6045 1123877640
6046 1123967352
6047 1124054712
6048 1124371560
6049 1124540472
6050 1124557032
6051 1125350472
6052 1125657192
6053 1125852120
6054 1125853992
6055 1126098264
6056 1126135560
6057 1126410744
6058 1126549272
6059 1126764072
6060 1127024472
6061 1127129880
6062 1127546760
6063 1127681640
6064 1127859672
6065 1127908632
6066 1128023352
6067 1128037320
6068 1128225000
6069 1128468312
6070 1128572472
6071 1128830472
6072 1129522440
6073 1129586472
6074 1130068440
6075 1130354472
6076 1130362104
6077 1130421672
6078 1130577672
6079 1130612760
6080 1130678472
6081 1130967720
6082 1130972472
6083 1131283080
6084 1131824280
6085 1131938472
6086 1131971544
6087 1131986664
6088 1132008600
6089 1132480584
6090 1133097672
6091 1133146200
6092 1133228520
6093 1133354280
6094 1133616600
6095 1133756472
6096 1133988312
6097 1134057432
6098 1134321672
6099 1134458472
6100 1135203192
6101 1135393272
6102 1136308440
6103 1136328120
6104 1136424072
6105 1136502072
6106 1136651832
6107 1136692584
6108 1136790792
6109 1136804664
6110 1136931240
6111 1137079272
6112 1137311832
6113 1137563112
6114 1137687672
6115 1137877272
6116 1138658760
6117 1138975272
6118 1138994280
6119 1139124792
6120 1139128344
6121 1139397480
6122 1139727240
6123 1140355560
6124 1140566760
6125 1140681000
6126 1140705864
6127 1140909672
6128 1141021272
6129 1141165272
6130 1141588200
6131 1141625160
6132 1141707672
6133 1141791672
6134 1141912632
6135 1141957272
6136 1142541432
6137 1143513480
6138 1143690552
6139 1143747000
6140 1143803784
6141 1143903384
6142 1143962040
6143 1144141560
6144 1144516440
6145 1144527672
6146 1145090664
6147 1145521272
6148 1145557560
6149 1145663544
6150 1146003672
6151 1146336120
6152 1146383400
6153 1146717912
6154 1146790920
6155 1146986472
6156 1147498344
6157 1147763880
6158 1148001672
6159 1148030472
6160 1148151960
6161 1148249064
6162 1148474280
6163 1148522232
6164 1148631672
6165 1148681160
6166 1148912472
6167 1149355272
6168 1149548472
6169 1149934440
6170 1149985512
6171 1150433064
6172 1151623080
6173 1151695272
6174 1152051672
6175 1152151704
6176 1152235272
6177 1152843192
6178 1153335672
6179 1153448472
6180 1153857672
6181 1154136600
6182 1154156952
6183 1154173080
6184 1154212920
6185 1154254392
6186 1154321352
6187 1154458344
6188 1154651880
6189 1154660952
6190 1154780472
6191 1155228984
6192 1155523800
6193 1155559080
6194 1155632472
6195 1155691272
6196 1155820152
6197 1156422600
6198 1156839672
6199 1157012472
6200 1157570040
6201 1157581272
6202 1157655384
6203 1157747112
6204 1157932584
6205 1158268584
6206 1158342840
6207 1158412392
6208 1158872472
6209 1158898584
6210 1158923880
6211 1158967272
6212 1159511112
6213 1160534232
6214 1160691480
6215 1161450840
6216 1161752232
6217 1162134264
6218 1162332072
6219 1162400472
6220 1162593000
6221 1163546040
6222 1163567160
6223 1163959272
6224 1164132120
6225 1164155880
6226 1164698472
6227 1164930120
6228 1164969432
6229 1165235544
6230 1165351320
6231 1165560984
6232 1165695960
6233 1166126472
6234 1166214504
6235 1166323944
6236 1166347272
6237 1166618520
6238 1166643720
6239 1167025080
6240 1167120504
6241 1167182472
6242 1167208344
6243 1167347640
6244 1167555960
6245 1167625272
6246 1167829272
6247 1168381272
6248 1168424280
6249 1168683672
6250 1168974072
6251 1169126904
6252 1169226072
6253 1169539704
6254 1169745240
6255 1170721272
6256 1171113672
6257 1171399800
6258 1171451880
6259 1171471032
6260 1172043912
6261 1172410344
6262 1172449272
6263 1172510472
6264 1172560680
6265 1173067272
6266 1173420072
6267 1173812520
6268 1173983112
6269 1174165272
6270 1174505112
6271 1174803480
6272 1175310504
6273 1175351832
6274 1175408712
6275 1175498472
6276 1175598792
6277 1175966472
6278 1176117672
6279 1176127992
6280 1176180552
6281 1176621672
6282 1176743880
6283 1177167672
6284 1177352184
6285 1177465752
6286 1177566744
6287 1177641000
6288 1177688520
6289 1177729272
6290 1178043672
6291 1178096472
6292 1178174232
6293 1178720472
6294 1179095112
6295 1179215832
6296 1179345720
6297 1179404472
6298 1179457272
6299 1179696792
6300 1179955272
6301 1180017192
6302 1180171272
6303 1180523352
6304 1180603272
6305 1181101800
6306 1181145960
6307 1181370600
6308 1182014472
6309 1182159864
6310 1182258072
6311 1182548280
6312 1182716472
6313 1182770472
6314 1182889560
6315 1183428120
6316 1183497672
6317 1183623480
6318 1183668600
6319 1183712520
6320 1183815000
6321 1183825272
6322 1183996200
6323 1184348232
6324 1184369400
6325 1184383512
6326 1184455272
6327 1184595192
6328 1185138504
6329 1185203880
6330 1185769272
6331 1186285752
6332 1186320360
6333 1186415832
6334 1186449672
6335 1186467240
6336 1186956072
6337 1187136360
6338 1187151672
6339 1187272440
6340 1187370360
6341 1187615160
6342 1187840280
6343 1188000072
6344 1188053640
6345 1188081864
6346 1188139752
6347 1188266664
6348 1188462360
6349 1188548472
6350 1189286760
6351 1189381080
6352 1189647480
6353 1189706760
6354 1189815960
6355 1189837704
6356 1189957080
6357 1189999272
6358 1190607672
6359 1190778264
6360 1190858232
6361 1190881080
6362 1190896200
6363 1191153672
6364 1191263112
6365 1191284472
6366 1191397752
6367 1191433464
6368 1191561672
6369 1191968712
6370 1192920600
6371 1192947672
6372 1192994712
6373 1193439384
6374 1193697432
6375 1193769864
6376 1193915352
6377 1194254760
6378 1194386232
6379 1194661272
6380 1194755160
6381 1194826392
6382 1195069320
6383 1195294440
6384 1195622472
6385 1195639992
6386 1195849272
6387 1195849512
6388 1195851960
6389 1196011272
6390 1196190360
6391 1196379720
6392 1197134472
6393 1197609960
6394 1198031400
6395 1198041240
6396 1198071480
6397 1198279272
6398 1198947672
6399 1199096472
6400 1199146680
6401 1199178072
6402 1199191032
6403 1199244312
6404 1199282952
6405 1199517960
