1 2
2 4
3 12
4 32
5 36
6 60
7 72
8 84
9 132
10 140
11 144
12 156
13 176
14 192
15 212
16 216
17 276
18 312
19 344
20 392
21 396
22 420
23 444
24 456
25 480
26 500
27 536
28 540
29 552
30 560
31 564
32 612
33 660
34 672
35 696
36 704
37 716
38 732
39 744
40 756
41 792
42 816
43 864
44 876
45 884
46 912
47 932
48 956
49 972
50 996
51 1040
52 1092
53 1140
54 1152
55 1172
56 1200
57 1212
58 1236
59 1260
60 1284
61 1292
62 1320
63 1344
64 1352
65 1380
66 1400
67 1416
68 1436
69 1452
70 1464
71 1500
72 1512
73 1536
74 1620
75 1644
76 1656
77 1716
78 1752
79 1760
80 1764
81 1836
82 1872
83 1932
84 1940
85 1980
86 1992
87 2016
88 2064
89 2076
90 2100
91 2136
92 2172
93 2184
94 2244
95 2256
96 2340
97 2460
98 2472
99 2496
100 2516
101 2556
102 2580
103 2592
104 2640
105 2732
106 2760
107 2796
108 2844
109 2856
110 2892
111 2904
112 2916
113 2940
114 2964
115 2976
116 3060
117 3084
118 3096
119 3132
120 3156
121 3192
122 3216
123 3252
124 3272
125 3312
126 3332
127 3336
128 3384
129 3396
130 3492
131 3516
132 3552
133 3600
134 3620
135 3660
136 3732
137 3744
138 3776
139 3864
140 3900
141 3944
142 3956
143 3972
144 3984
145 3996
146 4020
147 4032
148 4056
149 4176
150 4260
151 4272
152 4280
153 4284
154 4320
155 4356
156 4440
157 4500
158 4532
159 4536
160 4560
161 4572
162 4620
163 4676
164 4680
165 4712
166 4740
167 4764
168 4776
169 4820
170 4872
171 4916
172 4932
173 4944
174 5076
175 5100
176 5112
177 5232
178 5292
179 5316
180 5352
181 5364
182 5376
183 5384
184 5412
185 5436
186 5456
187 5460
188 5496
189 5532
190 5580
191 5592
192 5604
193 5700
194 5712
195 5720
196 5772
197 5792
198 5832
199 5936
200 5940
201 6000
202 6036
203 6072
204 6080
205 6096
206 6120
207 6132
208 6156
209 6176
210 6216
211 6332
212 6336
213 6360
214 6372
215 6432
216 6456
217 6500
218 6540
219 6600
220 6612
221 6636
222 6644
223 6660
224 6720
225 6780
226 6864
227 6912
228 6936
229 6996
230 7020
231 7032
232 7052
233 7056
234 7080
235 7092
236 7116
237 7140
238 7164
239 7184
240 7212
241 7232
242 7260
243 7272
244 7340
245 7344
246 7392
247 7416
248 7452
249 7464
250 7476
251 7536
252 7592
253 7704
254 7752
255 7776
256 7812
257 7836
258 7860
259 7884
260 7932
261 8040
262 8052
263 8096
264 8100
265 8112
266 8184
267 8196
268 8220
269 8256
270 8316
271 8352
272 8400
273 8436
274 8456
275 8460
276 8480
277 8484
278 8516
279 8520
280 8544
281 8592
282 8652
283 8676
284 8712
285 8780
286 8816
287 8880
288 8892
289 8984
290 9012
291 9032
292 9036
293 9096
294 9132
295 9180
296 9192
297 9204
298 9240
299 9272
300 9276
301 9300
302 9312
303 9356
304 9380
305 9444
306 9500
307 9516
308 9564
309 9572
310 9576
311 9600
312 9660
313 9720
314 9740
315 9752
316 9804
317 9816
318 9864
319 9884
320 9900
321 9912
322 9936
323 9972
324 9984
325 9996
326 10004
327 10020
328 10040
329 10076
330 10116
331 10152
332 10212
333 10236
334 10332
335 10356
336 10392
337 10452
338 10460
339 10464
340 10472
341 10560
342 10616
343 10644
344 10784
345 10812
346 10836
347 10860
348 10872
349 10896
350 10956
351 11012
352 11040
353 11052
354 11112
355 11144
356 11160
357 11244
358 11280
359 11292
360 11300
361 11304
362 11316
363 11336
364 11364
365 11376
366 11400
367 11472
368 11484
369 11496
370 11580
371 11640
372 11652
373 11676
374 11700
375 11732
376 11760
377 11844
378 12012
379 12020
380 12056
381 12072
382 12084
383 12132
384 12144
385 12156
386 12240
387 12300
388 12404
389 12420
390 12432
391 12456
392 12540
393 12552
394 12600
395 12632
396 12672
397 12684
398 12720
399 12732
400 12744
401 12756
402 12776
403 12792
404 12840
405 12852
406 12900
407 12936
408 12944
409 12960
410 13056
411 13092
412 13140
413 13152
414 13160
415 13196
416 13212
417 13236
418 13272
419 13304
420 13320
421 13344
422 13380
423 13404
424 13416
425 13464
426 13560
427 13644
428 13656
429 13680
430 13740
431 13764
432 13812
433 13896
434 13920
435 13932
436 13980
437 13992
438 14036
439 14076
440 14112
441 14136
442 14204
443 14240
444 14252
445 14256
446 14316
447 14352
448 14436
449 14472
450 14484
451 14592
452 14612
453 14616
454 14664
455 14700
456 14736
457 14784
458 14820
459 14832
460 14900
461 14916
462 14952
463 14976
464 15012
465 15044
466 15072
467 15096
468 15116
469 15120
470 15144
471 15152
472 15180
473 15212
474 15240
475 15276
476 15284
477 15296
478 15360
479 15372
480 15396
481 15444
482 15480
483 15504
484 15512
485 15516
486 15576
487 15732
488 15744
489 15752
490 15756
491 15836
492 15852
493 15864
494 15900
495 16020
496 16032
497 16076
498 16116
499 16160
500 16320
