1 72
2 864
3 2064
4 2172
5 3972
6 7932
7 10332
8 12632
9 15120
10 16536
11 17472
12 19236
13 20316
14 20336
15 20664
16 23772
17 23880
18 24420
19 25092
20 28920
21 31476
22 33132
23 35136
24 36876
25 38172
26 41016
27 41772
28 42060
29 46020
30 51480
31 54084
32 54392
33 55596
34 56196
35 59700
36 64512
37 65820
38 66600
39 73272
40 75972
41 79020
42 84744
43 89784
44 94980
45 96672
46 101856
47 102000
48 103440
49 103716
50 105672
51 109440
52 111972
53 113196
54 113472
55 113880
56 115272
57 122112
58 129180
59 134892
60 141240
61 147900
62 149772
63 151544
64 155172
65 157392
66 161472
67 170472
68 172272
69 172416
70 173172
71 175032
72 189120
73 193572
74 196956
75 197472
76 199056
77 200036
78 201972
79 204656
80 206472
81 217080
82 217416
83 219132
84 222672
85 222692
86 222816
87 225516
88 230112
89 231672
90 232680
91 236100
92 236496
93 241112
94 243156
95 244080
96 245484
97 245772
98 254412
99 257940
100 263676
101 266772
102 271272
103 272892
104 273144
105 281732
106 287256
107 288072
108 289020
109 293664
110 294212
111 298020
112 298512
113 306264
114 307980
115 308772
116 312636
117 317160
118 325812
119 327972
120 330492
121 337260
122 345936
123 348156
124 348672
125 353772
126 354972
127 359472
128 365772
129 367272
130 370272
131 374052
132 376272
133 378984
134 385140
135 392772
136 393096
137 394776
138 395532
139 397272
140 403400
141 417596
142 420552
143 423084
144 427944
145 428376
146 428472
147 436212
148 443160
149 448932
150 450072
151 451920
152 452172
153 452280
154 453240
155 456672
156 458472
157 460296
158 472644
159 475752
160 476472
161 477144
162 479172
163 491796
164 493320
165 498396
166 503076
167 507756
168 508512
169 509292
170 518772
171 519012
172 520176
173 523272
174 525564
175 533172
176 534936
177 541944
178 543720
179 544572
180 548292
181 553476
182 557652
183 559272
184 560676
185 569172
186 573960
187 576720
188 579996
189 585516
190 588672
191 590772
192 595620
193 596172
194 597720
195 598572
196 599340
197 604380
198 605172
199 608976
200 616032
201 616052
202 617772
203 619272
204 620040
205 620472
206 622272
207 631404
208 632172
209 637560
210 638472
211 646412
212 651972
213 655236
214 660132
215 662432
216 669972
217 678096
218 687092
219 687332
220 687600
221 688320
222 691212
223 694416
224 695640
225 696972
226 697320
227 710172
228 712044
229 712272
230 719436
231 722880
232 728256
233 731172
234 733464
235 737076
236 737472
237 738660
238 739272
239 740412
240 740520
241 743016
242 749952
243 751404
244 754272
245 758916
246 763056
247 764172
248 764460
249 765684
250 768512
251 768972
252 771672
253 773616
254 777240
255 781344
256 783072
257 786900
258 789672
259 792360
260 792432
261 795960
262 798816
263 800832
264 801516
265 803172
266 804972
267 805080
268 815844
269 816672
270 819984
271 821172
272 827040
273 828864
274 830172
275 831432
276 833772
277 834192
278 838764
279 843476
280 851736
281 853992
282 854472
283 866412
284 869040
285 869376
286 874272
287 879960
288 885972
289 886080
290 897600
291 907896
292 920172
293 920196
294 922932
295 924672
296 924984
297 925284
298 927072
299 927840
300 928272
301 930744
302 934832
303 935472
304 939000
305 942932
306 947064
307 948756
308 951096
309 951192
310 951672
311 953472
312 957044
313 967656
314 968832
315 971172
316 975312
317 976572
318 977556
319 978672
320 983732
321 984792
322 987420
323 991272
324 994980
325 999336
326 1001340
327 1001676
328 1004472
329 1010052
330 1016172
331 1016472
332 1018272
333 1019316
334 1031472
335 1031772
336 1037172
337 1044936
338 1052100
339 1055964
340 1063272
341 1065540
342 1068876
343 1069272
344 1076400
345 1084332
346 1084584
347 1093320
348 1103484
349 1110972
350 1111932
351 1116480
352 1117560
353 1120952
354 1121772
355 1135740
356 1136772
357 1137972
358 1142796
359 1145172
360 1153272
361 1154772
362 1160436
363 1162200
364 1162272
365 1163100
366 1171692
367 1172172
368 1174032
369 1175976
370 1176120
371 1180272
372 1180764
373 1184472
374 1184772
375 1186896
376 1199244
377 1203012
378 1205184
379 1206696
380 1207704
381 1215684
382 1221600
383 1221840
384 1225632
385 1225704
386 1227332
387 1232640
388 1237116
389 1250472
390 1255620
391 1256340
392 1262772
393 1266672
394 1277784
395 1281672
396 1285596
397 1287360
398 1291572
399 1294416
400 1301556
401 1304472
402 1305516
403 1310772
404 1312812
405 1316700
406 1320672
407 1326252
408 1330032
409 1334880
410 1335996
411 1337472
412 1338600
413 1341972
414 1354476
415 1361172
416 1362960
417 1365060
418 1367132
419 1367472
420 1379700
421 1383456
422 1384292
423 1388064
424 1389756
425 1400340
426 1409160
427 1413972
428 1416060
429 1417980
430 1426572
431 1429884
432 1431756
433 1431804
434 1433856
435 1446672
436 1451496
437 1452360
438 1452972
439 1459272
440 1461996
441 1462080
442 1466472
443 1470564
444 1471296
445 1476972
446 1477836
447 1478172
448 1482104
449 1485180
450 1490052
451 1491672
452 1493472
453 1495056
454 1497972
455 1521072
456 1524744
457 1530972
458 1541172
459 1548684
460 1550880
461 1551972
462 1553772
463 1556472
464 1561752
465 1566972
466 1570404
467 1570584
468 1585944
469 1586556
470 1588896
471 1589304
472 1592676
473 1595484
474 1602156
475 1610060
476 1613784
477 1617672
478 1620756
479 1621512
480 1622160
481 1626600
482 1628472
483 1632900
484 1647516
485 1648272
486 1648292
487 1650096
488 1652304
489 1653516
490 1655472
491 1656756
492 1661772
493 1669572
494 1675164
495 1675440
496 1679772
497 1682472
498 1684344
499 1685172
500 1687584
